#K-Path(1/A) Energy-Level(eV)
# NKPTS & NBANDS: 140  28
# Band-Index    1
   0.00000    -58.035117
   0.05101    -58.035114
   0.10202    -58.035099
   0.15303    -58.035185
   0.20405    -58.035209
   0.25506    -58.035212
   0.30607    -58.035232
   0.35708    -58.035239
   0.40809    -58.035230
   0.45910    -58.035256
   0.51011    -58.035271
   0.56112    -58.035284
   0.61214    -58.035252
   0.66315    -58.035241
   0.71416    -58.035310
   0.76517    -58.035304
   0.81618    -58.035346
   0.86719    -58.035330
   0.91820    -58.035397
   0.96922    -58.035418
   0.96922    -58.035418
   1.02521    -58.035686
   1.08120    -58.036395
   1.13719    -58.037656
   1.19319    -58.039436
   1.24918    -58.041646
   1.30517    -58.044205
   1.36117    -58.047079
   1.41716    -58.050159
   1.47315    -58.053364
   1.52914    -58.056635
   1.58514    -58.059833
   1.64113    -58.062806
   1.69712    -58.065693
   1.75312    -58.068151
   1.80911    -58.070338
   1.86510    -58.072056
   1.92109    -58.073413
   1.97709    -58.074157
   2.03308    -58.074536
   2.03308    -58.074536
   2.08409    -58.074457
   2.13510    -58.074673
   2.18611    -58.074998
   2.23713    -58.075335
   2.28814    -58.075848
   2.33915    -58.076439
   2.39016    -58.077056
   2.44117    -58.077732
   2.49218    -58.078454
   2.54319    -58.079141
   2.59420    -58.079798
   2.64522    -58.080422
   2.69623    -58.080896
   2.74724    -58.081354
   2.79825    -58.081875
   2.84926    -58.082297
   2.90027    -58.082574
   2.95128    -58.082740
   3.00230    -58.082775
   3.00230    -58.082775
   3.05829    -58.082568
   3.11428    -58.081782
   3.17027    -58.080350
   3.22627    -58.078390
   3.28226    -58.075832
   3.33825    -58.072980
   3.39425    -58.069789
   3.45024    -58.066327
   3.50623    -58.062732
   3.56222    -58.058899
   3.61822    -58.055081
   3.67421    -58.051446
   3.73020    -58.047987
   3.78620    -58.044698
   3.84219    -58.041980
   3.89818    -58.039545
   3.95417    -58.037439
   4.01017    -58.036061
   4.06616    -58.035117
   4.06616    -58.035117
   4.10223    -58.035115
   4.13830    -58.035112
   4.17437    -58.035097
   4.21044    -58.035163
   4.24651    -58.035152
   4.28258    -58.035127
   4.31865    -58.035167
   4.35472    -58.035210
   4.39079    -58.035209
   4.42686    -58.035210
   4.46294    -58.035254
   4.49901    -58.035251
   4.53508    -58.035214
   4.57115    -58.035236
   4.60722    -58.035210
   4.64329    -58.035190
   4.67936    -58.035189
   4.71543    -58.035237
   4.75150    -58.035238
   4.75150    -58.035238
   4.80749    -58.035507
   4.86348    -58.036334
   4.91948    -58.037621
   4.97547    -58.039405
   5.03146    -58.041635
   5.08746    -58.044217
   5.14345    -58.047125
   5.19944    -58.050132
   5.25543    -58.053307
   5.31143    -58.056546
   5.36742    -58.059793
   5.42341    -58.062817
   5.47941    -58.065657
   5.53540    -58.068177
   5.59139    -58.070409
   5.64738    -58.072122
   5.70338    -58.073431
   5.75937    -58.074222
   5.81536    -58.074523
   5.81536    -58.074523
   5.85143    -58.075176
   5.88750    -58.075889
   5.92357    -58.076577
   5.95965    -58.077189
   5.99572    -58.077823
   6.03179    -58.078433
   6.06786    -58.079057
   6.10393    -58.079659
   6.14000    -58.080175
   6.17607    -58.080544
   6.21214    -58.080994
   6.24821    -58.081353
   6.28428    -58.081666
   6.32035    -58.082016
   6.35642    -58.082268
   6.39249    -58.082507
   6.42856    -58.082693
   6.46463    -58.082735
   6.50070    -58.082775
 
# Band-Index    2
   6.50070    -58.066534
   6.46463    -58.066538
   6.42856    -58.066640
   6.39249    -58.066779
   6.35642    -58.066951
   6.32035    -58.067112
   6.28428    -58.067387
   6.24821    -58.067736
   6.21214    -58.068130
   6.17607    -58.068524
   6.14000    -58.069003
   6.10393    -58.069456
   6.06786    -58.070008
   6.03179    -58.070614
   5.99572    -58.071224
   5.95965    -58.071833
   5.92357    -58.072486
   5.88750    -58.073152
   5.85143    -58.073826
   5.81536    -58.074523
   5.81536    -58.074523
   5.75937    -58.074222
   5.70338    -58.073431
   5.64738    -58.072122
   5.59139    -58.070409
   5.53540    -58.068177
   5.47941    -58.065657
   5.42341    -58.062817
   5.36742    -58.059793
   5.31143    -58.056546
   5.25543    -58.053307
   5.19944    -58.050132
   5.14345    -58.047125
   5.08746    -58.044217
   5.03146    -58.041635
   4.97547    -58.039405
   4.91948    -58.037621
   4.86348    -58.036334
   4.80749    -58.035507
   4.75150    -58.035238
   4.75150    -58.035238
   4.71543    -58.035237
   4.67936    -58.035189
   4.64329    -58.035190
   4.60722    -58.035210
   4.57115    -58.035236
   4.53508    -58.035214
   4.49901    -58.035251
   4.46294    -58.035254
   4.42686    -58.035210
   4.39079    -58.035209
   4.35472    -58.035210
   4.31865    -58.035167
   4.28258    -58.035127
   4.24651    -58.035152
   4.21044    -58.035163
   4.17437    -58.035097
   4.13830    -58.035112
   4.10223    -58.035115
   4.06616    -58.035117
   4.06616    -58.035117
   4.01017    -58.034713
   3.95417    -58.034843
   3.89818    -58.035631
   3.84219    -58.036772
   3.78620    -58.038353
   3.73020    -58.040317
   3.67421    -58.042597
   3.61822    -58.045116
   3.56222    -58.047796
   3.50623    -58.050468
   3.45024    -58.053226
   3.39425    -58.055888
   3.33825    -58.058441
   3.28226    -58.060705
   3.22627    -58.062650
   3.17027    -58.064261
   3.11428    -58.065414
   3.05829    -58.066252
   3.00230    -58.066534
   3.00230    -58.066534
   2.95128    -58.066542
   2.90027    -58.066705
   2.84926    -58.066953
   2.79825    -58.067281
   2.74724    -58.067761
   2.69623    -58.068228
   2.64522    -58.068827
   2.59420    -58.069426
   2.54319    -58.070092
   2.49218    -58.070807
   2.44117    -58.071421
   2.39016    -58.072055
   2.33915    -58.072687
   2.28814    -58.073213
   2.23713    -58.073638
   2.18611    -58.074000
   2.13510    -58.074238
   2.08409    -58.074351
   2.03308    -58.074536
   2.03308    -58.074536
   1.97709    -58.074157
   1.92109    -58.073413
   1.86510    -58.072056
   1.80911    -58.070338
   1.75312    -58.068151
   1.69712    -58.065693
   1.64113    -58.062806
   1.58514    -58.059833
   1.52914    -58.056635
   1.47315    -58.053364
   1.41716    -58.050159
   1.36117    -58.047079
   1.30517    -58.044205
   1.24918    -58.041646
   1.19319    -58.039436
   1.13719    -58.037656
   1.08120    -58.036395
   1.02521    -58.035686
   0.96922    -58.035418
   0.96922    -58.035418
   0.91820    -58.035395
   0.86719    -58.035326
   0.81618    -58.035343
   0.76517    -58.035302
   0.71416    -58.035308
   0.66315    -58.035238
   0.61214    -58.035249
   0.56112    -58.035279
   0.51011    -58.035267
   0.45910    -58.035251
   0.40809    -58.035229
   0.35708    -58.035237
   0.30607    -58.035225
   0.25506    -58.035202
   0.20405    -58.035202
   0.15303    -58.035185
   0.10202    -58.035096
   0.05101    -58.035113
   0.00000    -58.035117
 
# Band-Index    3
   0.00000    -34.554265
   0.05101    -34.554518
   0.10202    -34.555248
   0.15303    -34.556370
   0.20405    -34.557752
   0.25506    -34.559236
   0.30607    -34.560657
   0.35708    -34.561864
   0.40809    -34.562726
   0.45910    -34.563157
   0.51011    -34.563102
   0.56112    -34.562570
   0.61214    -34.561598
   0.66315    -34.560285
   0.71416    -34.558772
   0.76517    -34.557202
   0.81618    -34.555747
   0.86719    -34.554570
   0.91820    -34.553812
   0.96922    -34.553549
   0.96922    -34.553549
   1.02521    -34.550732
   1.08120    -34.542343
   1.13719    -34.528604
   1.19319    -34.509858
   1.24918    -34.486564
   1.30517    -34.459314
   1.36117    -34.428819
   1.41716    -34.395862
   1.47315    -34.361303
   1.52914    -34.326089
   1.58514    -34.308643
   1.64113    -34.318077
   1.69712    -34.326683
   1.75312    -34.334280
   1.80911    -34.340728
   1.86510    -34.345889
   1.92109    -34.349654
   1.97709    -34.351943
   2.03308    -34.352713
   2.03308    -34.352713
   2.08409    -34.352631
   2.13510    -34.352395
   2.18611    -34.352010
   2.23713    -34.351476
   2.28814    -34.350820
   2.33915    -34.350052
   2.39016    -34.349197
   2.44117    -34.348283
   2.49218    -34.347330
   2.54319    -34.346360
   2.59420    -34.345405
   2.64522    -34.344492
   2.69623    -34.343637
   2.74724    -34.342875
   2.79825    -34.342223
   2.84926    -34.341701
   2.90027    -34.341317
   2.95128    -34.341074
   3.00230    -34.340993
   3.00230    -34.340993
   3.05829    -34.340257
   3.11428    -34.338059
   3.17027    -34.334454
   3.22627    -34.329510
   3.28226    -34.323339
   3.33825    -34.316077
   3.39425    -34.307865
   3.45024    -34.303494
   3.50623    -34.337503
   3.56222    -34.371745
   3.61822    -34.405289
   3.67421    -34.437210
   3.73020    -34.466637
   3.78620    -34.492807
   3.84219    -34.515017
   3.89818    -34.532671
   3.95417    -34.545298
   4.01017    -34.552566
   4.06616    -34.554265
   4.06616    -34.554265
   4.10223    -34.554336
   4.13830    -34.554549
   4.17437    -34.554896
   4.21044    -34.555367
   4.24651    -34.555944
   4.28258    -34.556613
   4.31865    -34.557360
   4.35472    -34.558163
   4.39079    -34.558996
   4.42686    -34.559836
   4.46294    -34.560660
   4.49901    -34.561443
   4.53508    -34.562167
   4.57115    -34.562816
   4.60722    -34.563371
   4.64329    -34.563818
   4.67936    -34.564146
   4.71543    -34.564345
   4.75150    -34.564411
   4.75150    -34.564411
   4.80749    -34.561626
   4.86348    -34.553337
   4.91948    -34.539752
   4.97547    -34.521226
   5.03146    -34.498247
   5.08746    -34.471438
   5.14345    -34.441550
   5.19944    -34.409441
   5.25543    -34.376163
   5.31143    -34.342965
   5.36742    -34.311624
   5.42341    -34.285524
   5.47941    -34.274094
   5.53540    -34.276743
   5.59139    -34.281261
   5.64738    -34.285271
   5.70338    -34.288303
   5.75937    -34.290180
   5.81536    -34.290817
   5.81536    -34.290817
   5.85143    -34.291904
   5.88750    -34.294193
   5.92357    -34.297360
   5.95965    -34.301069
   5.99572    -34.305070
   6.03179    -34.309185
   6.06786    -34.313289
   6.10393    -34.317283
   6.14000    -34.321086
   6.17607    -34.324646
   6.21214    -34.327928
   6.24821    -34.330896
   6.28428    -34.333511
   6.32035    -34.335759
   6.35642    -34.337628
   6.39249    -34.339095
   6.42856    -34.340154
   6.46463    -34.340782
   6.50070    -34.340993
 
# Band-Index    4
   6.50070    -34.340993
   6.46463    -34.340760
   6.42856    -34.340063
   6.39249    -34.338906
   6.35642    -34.337301
   6.32035    -34.335267
   6.28428    -34.332820
   6.24821    -34.329989
   6.21214    -34.326801
   6.17607    -34.323293
   6.14000    -34.319511
   6.10393    -34.315504
   6.06786    -34.311347
   6.03179    -34.307132
   5.99572    -34.302976
   5.95965    -34.299035
   5.92357    -34.295544
   5.88750    -34.292798
   5.85143    -34.291133
   5.81536    -34.290817
   5.81536    -34.290817
   5.75937    -34.290180
   5.70338    -34.288303
   5.64738    -34.285271
   5.59139    -34.281261
   5.53540    -34.276743
   5.47941    -34.274094
   5.42341    -34.285524
   5.36742    -34.311624
   5.31143    -34.342965
   5.25543    -34.376163
   5.19944    -34.409441
   5.14345    -34.441550
   5.08746    -34.471438
   5.03146    -34.498247
   4.97547    -34.521226
   4.91948    -34.539752
   4.86348    -34.553337
   4.80749    -34.561626
   4.75150    -34.564411
   4.75150    -34.564411
   4.71543    -34.564345
   4.67936    -34.564146
   4.64329    -34.563818
   4.60722    -34.563371
   4.57115    -34.562816
   4.53508    -34.562167
   4.49901    -34.561443
   4.46294    -34.560660
   4.42686    -34.559836
   4.39079    -34.558996
   4.35472    -34.558163
   4.31865    -34.557360
   4.28258    -34.556613
   4.24651    -34.555944
   4.21044    -34.555367
   4.17437    -34.554896
   4.13830    -34.554549
   4.10223    -34.554336
   4.06616    -34.554265
   4.06616    -34.554265
   4.01017    -34.550341
   3.95417    -34.540832
   3.89818    -34.525960
   3.84219    -34.506072
   3.78620    -34.481631
   3.73020    -34.453250
   3.67421    -34.421612
   3.61822    -34.387521
   3.56222    -34.351860
   3.50623    -34.315574
   3.45024    -34.298884
   3.39425    -34.307865
   3.33825    -34.316077
   3.28226    -34.323339
   3.22627    -34.329510
   3.17027    -34.334454
   3.11428    -34.338059
   3.05829    -34.340257
   3.00230    -34.340993
   3.00230    -34.340993
   2.95128    -34.340024
   2.90027    -34.337162
   2.84926    -34.332497
   2.79825    -34.326209
   2.74724    -34.318605
   2.69623    -34.310130
   2.64522    -34.301508
   2.59420    -34.294166
   2.54319    -34.290716
   2.49218    -34.293390
   2.44117    -34.300808
   2.39016    -34.310247
   2.33915    -34.320007
   2.28814    -34.329173
   2.23713    -34.337236
   2.18611    -34.343838
   2.13510    -34.348713
   2.08409    -34.351697
   2.03308    -34.352713
   2.03308    -34.352713
   1.97709    -34.351943
   1.92109    -34.349654
   1.86510    -34.345889
   1.80911    -34.340728
   1.75312    -34.334280
   1.69712    -34.326683
   1.64113    -34.318077
   1.58514    -34.308643
   1.52914    -34.326089
   1.47315    -34.361303
   1.41716    -34.395862
   1.36117    -34.428819
   1.30517    -34.459314
   1.24918    -34.486564
   1.19319    -34.509858
   1.13719    -34.528604
   1.08120    -34.542343
   1.02521    -34.550732
   0.96922    -34.553549
   0.96922    -34.553549
   0.91820    -34.553587
   0.86719    -34.553699
   0.81618    -34.553881
   0.76517    -34.554107
   0.71416    -34.554359
   0.66315    -34.554603
   0.61214    -34.554832
   0.56112    -34.555019
   0.51011    -34.555145
   0.45910    -34.555204
   0.40809    -34.555196
   0.35708    -34.555128
   0.30607    -34.555003
   0.25506    -34.554847
   0.20405    -34.554676
   0.15303    -34.554517
   0.10202    -34.554383
   0.05101    -34.554296
   0.00000    -34.554265
 
# Band-Index    5
   0.00000    -34.207380
   0.05101    -34.207391
   0.10202    -34.207432
   0.15303    -34.207500
   0.20405    -34.207595
   0.25506    -34.207710
   0.30607    -34.207844
   0.35708    -34.207993
   0.40809    -34.208152
   0.45910    -34.208322
   0.51011    -34.208494
   0.56112    -34.208665
   0.61214    -34.208822
   0.66315    -34.208970
   0.71416    -34.209106
   0.76517    -34.209225
   0.81618    -34.209321
   0.86719    -34.209390
   0.91820    -34.209438
   0.96922    -34.209454
   0.96922    -34.209454
   1.02521    -34.212256
   1.08120    -34.218604
   1.13719    -34.226628
   1.19319    -34.235678
   1.24918    -34.245466
   1.30517    -34.255791
   1.36117    -34.266457
   1.41716    -34.277270
   1.47315    -34.288039
   1.52914    -34.298565
   1.58514    -34.291163
   1.64113    -34.257481
   1.69712    -34.226005
   1.75312    -34.197635
   1.80911    -34.178724
   1.86510    -34.179402
   1.92109    -34.179927
   1.97709    -34.180253
   2.03308    -34.180373
   2.03308    -34.180373
   2.08409    -34.181384
   2.13510    -34.184404
   2.18611    -34.189313
   2.23713    -34.195925
   2.28814    -34.203984
   2.33915    -34.213101
   2.39016    -34.222724
   2.44117    -34.231965
   2.49218    -34.239124
   2.54319    -34.241431
   2.59420    -34.237533
   2.64522    -34.229707
   2.69623    -34.220566
   2.74724    -34.211561
   2.79825    -34.203483
   2.84926    -34.196794
   2.90027    -34.191800
   2.95128    -34.188729
   3.00230    -34.187699
   3.00230    -34.187699
   3.05829    -34.187565
   3.11428    -34.187165
   3.17027    -34.186518
   3.22627    -34.188461
   3.28226    -34.212323
   3.33825    -34.240007
   3.39425    -34.270684
   3.45024    -34.298884
   3.50623    -34.289322
   3.56222    -34.279365
   3.61822    -34.269219
   3.67421    -34.259081
   3.73020    -34.249137
   3.78620    -34.239584
   3.84219    -34.230607
   3.89818    -34.222402
   3.95417    -34.215237
   4.01017    -34.209716
   4.06616    -34.207380
   4.06616    -34.207380
   4.10223    -34.207314
   4.13830    -34.207124
   4.17437    -34.206813
   4.21044    -34.206399
   4.24651    -34.205882
   4.28258    -34.205281
   4.31865    -34.204624
   4.35472    -34.203931
   4.39079    -34.203223
   4.42686    -34.202522
   4.46294    -34.201846
   4.49901    -34.201211
   4.53508    -34.200635
   4.57115    -34.200135
   4.60722    -34.199717
   4.64329    -34.199386
   4.67936    -34.199149
   4.71543    -34.199006
   4.75150    -34.198958
   4.75150    -34.198958
   4.80749    -34.199215
   4.86348    -34.200008
   4.91948    -34.201455
   4.97547    -34.204016
   5.03146    -34.208370
   5.08746    -34.214279
   5.14345    -34.221164
   5.19944    -34.228639
   5.25543    -34.236417
   5.31143    -34.244175
   5.36742    -34.251472
   5.42341    -34.257029
   5.47941    -34.254762
   5.53540    -34.247153
   5.59139    -34.243357
   5.64738    -34.241976
   5.70338    -34.241572
   5.75937    -34.241505
   5.81536    -34.241510
   5.81536    -34.241510
   5.85143    -34.241179
   5.88750    -34.239445
   5.92357    -34.236581
   5.95965    -34.232933
   5.99572    -34.228803
   6.03179    -34.224415
   6.06786    -34.219936
   6.10393    -34.215493
   6.14000    -34.211190
   6.17607    -34.207095
   6.21214    -34.203288
   6.24821    -34.199806
   6.28428    -34.196705
   6.32035    -34.194020
   6.35642    -34.191777
   6.39249    -34.190002
   6.42856    -34.188723
   6.46463    -34.187952
   6.50070    -34.187699
 
# Band-Index    6
   6.50070    -34.187699
   6.46463    -34.187932
   6.42856    -34.188637
   6.39249    -34.189807
   6.35642    -34.191433
   6.32035    -34.193500
   6.28428    -34.195989
   6.24821    -34.198869
   6.21214    -34.202108
   6.17607    -34.205679
   6.14000    -34.209545
   6.10393    -34.213644
   6.06786    -34.217918
   6.03179    -34.222286
   5.99572    -34.226646
   5.95965    -34.230859
   5.92357    -34.234737
   5.88750    -34.238022
   5.85143    -34.240391
   5.81536    -34.241510
   5.81536    -34.241510
   5.75937    -34.241505
   5.70338    -34.241572
   5.64738    -34.241976
   5.59139    -34.243357
   5.53540    -34.247153
   5.47941    -34.254762
   5.42341    -34.257029
   5.36742    -34.251472
   5.31143    -34.244175
   5.25543    -34.236417
   5.19944    -34.228639
   5.14345    -34.221164
   5.08746    -34.214279
   5.03146    -34.208370
   4.97547    -34.204016
   4.91948    -34.201455
   4.86348    -34.200008
   4.80749    -34.199215
   4.75150    -34.198958
   4.75150    -34.198958
   4.71543    -34.199006
   4.67936    -34.199149
   4.64329    -34.199386
   4.60722    -34.199717
   4.57115    -34.200135
   4.53508    -34.200635
   4.49901    -34.201211
   4.46294    -34.201846
   4.42686    -34.202522
   4.39079    -34.203223
   4.35472    -34.203931
   4.31865    -34.204624
   4.28258    -34.205281
   4.24651    -34.205882
   4.21044    -34.206399
   4.17437    -34.206813
   4.13830    -34.207124
   4.10223    -34.207314
   4.06616    -34.207380
   4.06616    -34.207380
   4.01017    -34.209716
   3.95417    -34.215237
   3.89818    -34.222402
   3.84219    -34.230607
   3.78620    -34.239584
   3.73020    -34.249137
   3.67421    -34.259081
   3.61822    -34.269219
   3.56222    -34.279365
   3.50623    -34.289322
   3.45024    -34.279610
   3.39425    -34.244962
   3.33825    -34.212613
   3.28226    -34.184650
   3.22627    -34.185666
   3.17027    -34.186518
   3.11428    -34.187165
   3.05829    -34.187565
   3.00230    -34.187699
   3.00230    -34.187699
   2.95128    -34.187647
   2.90027    -34.187500
   2.84926    -34.187261
   2.79825    -34.186938
   2.74724    -34.186530
   2.69623    -34.186050
   2.64522    -34.185520
   2.59420    -34.184949
   2.54319    -34.184360
   2.49218    -34.183750
   2.44117    -34.183144
   2.39016    -34.182567
   2.33915    -34.182039
   2.28814    -34.181561
   2.23713    -34.181151
   2.18611    -34.180817
   2.13510    -34.180570
   2.08409    -34.180415
   2.03308    -34.180373
   2.03308    -34.180373
   1.97709    -34.180253
   1.92109    -34.179927
   1.86510    -34.179402
   1.80911    -34.178724
   1.75312    -34.197635
   1.69712    -34.226005
   1.64113    -34.257481
   1.58514    -34.291163
   1.52914    -34.298565
   1.47315    -34.288039
   1.41716    -34.277270
   1.36117    -34.266457
   1.30517    -34.255791
   1.24918    -34.245466
   1.19319    -34.235678
   1.13719    -34.226628
   1.08120    -34.218604
   1.02521    -34.212256
   0.96922    -34.209454
   0.96922    -34.209454
   0.91820    -34.209147
   0.86719    -34.208272
   0.81618    -34.206949
   0.76517    -34.205301
   0.71416    -34.203502
   0.66315    -34.201744
   0.61214    -34.200216
   0.56112    -34.199056
   0.51011    -34.198357
   0.45910    -34.198190
   0.40809    -34.198558
   0.35708    -34.199419
   0.30607    -34.200657
   0.25506    -34.202135
   0.20405    -34.203694
   0.15303    -34.205152
   0.10202    -34.206337
   0.05101    -34.207109
   0.00000    -34.207380
 
# Band-Index    7
   0.00000    -34.191795
   0.05101    -34.191804
   0.10202    -34.191831
   0.15303    -34.191883
   0.20405    -34.191949
   0.25506    -34.192032
   0.30607    -34.192126
   0.35708    -34.192234
   0.40809    -34.192346
   0.45910    -34.192467
   0.51011    -34.192591
   0.56112    -34.192713
   0.61214    -34.192823
   0.66315    -34.192927
   0.71416    -34.193024
   0.76517    -34.193107
   0.81618    -34.193176
   0.86719    -34.193225
   0.91820    -34.193259
   0.96922    -34.193270
   0.96922    -34.193270
   1.02521    -34.191364
   1.08120    -34.187665
   1.13719    -34.184001
   1.19319    -34.180897
   1.24918    -34.178466
   1.30517    -34.176703
   1.36117    -34.175560
   1.41716    -34.174959
   1.47315    -34.174820
   1.52914    -34.175058
   1.58514    -34.175581
   1.64113    -34.176290
   1.69712    -34.177104
   1.75312    -34.177939
   1.80911    -34.173171
   1.86510    -34.153344
   1.92109    -34.138761
   1.97709    -34.129820
   2.03308    -34.126810
   2.03308    -34.126810
   2.08409    -34.126915
   2.13510    -34.127252
   2.18611    -34.127803
   2.23713    -34.128545
   2.28814    -34.129460
   2.33915    -34.130527
   2.39016    -34.131718
   2.44117    -34.133001
   2.49218    -34.134339
   2.54319    -34.135696
   2.59420    -34.137030
   2.64522    -34.138308
   2.69623    -34.139499
   2.74724    -34.140569
   2.79825    -34.141488
   2.84926    -34.142234
   2.90027    -34.142783
   2.95128    -34.143114
   3.00230    -34.143232
   3.00230    -34.143232
   3.05829    -34.146158
   3.11428    -34.154877
   3.17027    -34.169133
   3.22627    -34.185666
   3.28226    -34.184650
   3.33825    -34.183528
   3.39425    -34.182379
   3.45024    -34.181276
   3.50623    -34.180308
   3.56222    -34.179560
   3.61822    -34.179138
   3.67421    -34.179126
   3.73020    -34.179613
   3.78620    -34.180668
   3.84219    -34.182360
   3.89818    -34.184668
   3.95417    -34.187487
   4.01017    -34.190353
   4.06616    -34.191795
   4.06616    -34.191795
   4.10223    -34.191789
   4.13830    -34.191776
   4.17437    -34.191756
   4.21044    -34.191728
   4.24651    -34.191686
   4.28258    -34.191627
   4.31865    -34.191564
   4.35472    -34.191490
   4.39079    -34.191407
   4.42686    -34.191309
   4.46294    -34.191198
   4.49901    -34.191076
   4.53508    -34.190949
   4.57115    -34.190822
   4.60722    -34.190704
   4.64329    -34.190596
   4.67936    -34.190513
   4.71543    -34.190462
   4.75150    -34.190443
   4.75150    -34.190443
   4.80749    -34.191074
   4.86348    -34.192911
   4.91948    -34.195739
   4.97547    -34.198966
   5.03146    -34.201738
   5.08746    -34.204055
   5.14345    -34.206216
   5.19944    -34.208236
   5.25543    -34.209973
   5.31143    -34.211101
   5.36742    -34.210962
   5.42341    -34.208096
   5.47941    -34.199858
   5.53540    -34.185000
   5.59139    -34.167169
   5.64738    -34.150627
   5.70338    -34.137735
   5.75937    -34.129647
   5.81536    -34.126899
   5.81536    -34.126899
   5.85143    -34.128238
   5.88750    -34.129569
   5.92357    -34.130884
   5.95965    -34.132173
   5.99572    -34.133431
   6.03179    -34.134642
   6.06786    -34.135802
   6.10393    -34.136903
   6.14000    -34.137933
   6.17607    -34.138889
   6.21214    -34.139767
   6.24821    -34.140552
   6.28428    -34.141242
   6.32035    -34.141843
   6.35642    -34.142339
   6.39249    -34.142727
   6.42856    -34.143007
   6.46463    -34.143173
   6.50070    -34.143232
 
# Band-Index    8
   6.50070    -34.110688
   6.46463    -34.110743
   6.42856    -34.110911
   6.39249    -34.111187
   6.35642    -34.111567
   6.32035    -34.112051
   6.28428    -34.112636
   6.24821    -34.113319
   6.21214    -34.114095
   6.17607    -34.114958
   6.14000    -34.115911
   6.10393    -34.116935
   6.06786    -34.118024
   6.03179    -34.119175
   5.99572    -34.120379
   5.95965    -34.121630
   5.92357    -34.122918
   5.88750    -34.124231
   5.85143    -34.125558
   5.81536    -34.126899
   5.81536    -34.126899
   5.75937    -34.129647
   5.70338    -34.137735
   5.64738    -34.150627
   5.59139    -34.167169
   5.53540    -34.185000
   5.47941    -34.199858
   5.42341    -34.208096
   5.36742    -34.210962
   5.31143    -34.211101
   5.25543    -34.209973
   5.19944    -34.208236
   5.14345    -34.206216
   5.08746    -34.204055
   5.03146    -34.201738
   4.97547    -34.198966
   4.91948    -34.195739
   4.86348    -34.192911
   4.80749    -34.191074
   4.75150    -34.190443
   4.75150    -34.190443
   4.71543    -34.190462
   4.67936    -34.190513
   4.64329    -34.190596
   4.60722    -34.190704
   4.57115    -34.190822
   4.53508    -34.190948
   4.49901    -34.191076
   4.46294    -34.191198
   4.42686    -34.191309
   4.39079    -34.191407
   4.35472    -34.191490
   4.31865    -34.191564
   4.28258    -34.191627
   4.24651    -34.191686
   4.21044    -34.191728
   4.17437    -34.191756
   4.13830    -34.191776
   4.10223    -34.191789
   4.06616    -34.191795
   4.06616    -34.191795
   4.01017    -34.190353
   3.95417    -34.187487
   3.89818    -34.184668
   3.84219    -34.182360
   3.78620    -34.180668
   3.73020    -34.179613
   3.67421    -34.179126
   3.61822    -34.179138
   3.56222    -34.179560
   3.50623    -34.180308
   3.45024    -34.181276
   3.39425    -34.182379
   3.33825    -34.183528
   3.28226    -34.183459
   3.22627    -34.158322
   3.17027    -34.137959
   3.11428    -34.122980
   3.05829    -34.113790
   3.00230    -34.110688
   3.00230    -34.110688
   2.95128    -34.110800
   2.90027    -34.111130
   2.84926    -34.111672
   2.79825    -34.112404
   2.74724    -34.113305
   2.69623    -34.114352
   2.64522    -34.115525
   2.59420    -34.116784
   2.54319    -34.118098
   2.49218    -34.119430
   2.44117    -34.120733
   2.39016    -34.121988
   2.33915    -34.123157
   2.28814    -34.124207
   2.23713    -34.125108
   2.18611    -34.125835
   2.13510    -34.126368
   2.08409    -34.126693
   2.03308    -34.126810
   2.03308    -34.126810
   1.97709    -34.129820
   1.92109    -34.138761
   1.86510    -34.153344
   1.80911    -34.173171
   1.75312    -34.177939
   1.69712    -34.177104
   1.64113    -34.176290
   1.58514    -34.175581
   1.52914    -34.175058
   1.47315    -34.174820
   1.41716    -34.174959
   1.36117    -34.175560
   1.30517    -34.176703
   1.24918    -34.178466
   1.19319    -34.180897
   1.13719    -34.184001
   1.08120    -34.187665
   1.02521    -34.191364
   0.96922    -34.193270
   0.96922    -34.193270
   0.91820    -34.193217
   0.86719    -34.193069
   0.81618    -34.192861
   0.76517    -34.192592
   0.71416    -34.192283
   0.66315    -34.191966
   0.61214    -34.191682
   0.56112    -34.191437
   0.51011    -34.191241
   0.45910    -34.191118
   0.40809    -34.191068
   0.35708    -34.191098
   0.30607    -34.191178
   0.25506    -34.191299
   0.20405    -34.191441
   0.15303    -34.191576
   0.10202    -34.191690
   0.05101    -34.191767
   0.00000    -34.191795
 
# Band-Index    9
   0.00000    -17.034366
   0.05101    -17.083278
   0.10202    -17.134340
   0.15303    -17.182301
   0.20405    -17.225847
   0.25506    -17.263897
   0.30607    -17.295578
   0.35708    -17.320111
   0.40809    -17.336965
   0.45910    -17.345802
   0.51011    -17.346460
   0.56112    -17.339064
   0.61214    -17.323952
   0.66315    -17.301759
   0.71416    -17.273499
   0.76517    -17.240454
   0.81618    -17.204813
   0.86719    -17.170049
   0.91820    -17.142392
   0.96922    -17.131241
   0.96922    -17.131241
   1.02521    -17.128401
   1.08120    -17.119936
   1.13719    -17.106107
   1.19319    -17.087300
   1.24918    -17.064009
   1.30517    -17.112268
   1.36117    -17.178136
   1.41716    -17.248478
   1.47315    -17.321322
   1.52914    -17.394707
   1.58514    -17.466595
   1.64113    -17.535032
   1.69712    -17.598441
   1.75312    -17.654973
   1.80911    -17.703383
   1.86510    -17.742354
   1.92109    -17.770962
   1.97709    -17.788339
   2.03308    -17.794234
   2.03308    -17.794234
   2.08409    -17.798613
   2.13510    -17.811938
   2.18611    -17.833919
   2.23713    -17.864171
   2.28814    -17.902259
   2.33915    -17.947389
   2.39016    -17.998463
   2.44117    -18.054122
   2.49218    -18.112878
   2.54319    -18.172941
   2.59420    -18.232534
   2.64522    -18.289941
   2.69623    -18.343383
   2.74724    -18.391390
   2.79825    -18.432647
   2.84926    -18.465972
   2.90027    -18.490388
   2.95128    -18.505340
   3.00230    -18.510385
   3.00230    -18.510385
   3.05829    -18.503097
   3.11428    -18.481297
   3.17027    -18.445322
   3.22627    -18.395840
   3.28226    -18.333677
   3.33825    -18.260182
   3.39425    -18.176461
   3.45024    -18.084209
   3.50623    -17.984989
   3.56222    -17.880547
   3.61822    -17.772806
   3.67421    -17.663779
   3.73020    -17.555379
   3.78620    -17.449670
   3.84219    -17.348710
   3.89818    -17.254158
   3.95417    -17.167780
   4.01017    -17.091295
   4.06616    -17.034366
   4.06616    -17.034366
   4.10223    -17.057086
   4.13830    -17.083259
   4.17437    -17.109027
   4.21044    -17.134166
   4.24651    -17.158452
   4.28258    -17.181772
   4.31865    -17.203969
   4.35472    -17.224916
   4.39079    -17.244453
   4.42686    -17.262491
   4.46294    -17.278939
   4.49901    -17.293671
   4.53508    -17.306602
   4.57115    -17.317682
   4.60722    -17.326829
   4.64329    -17.333999
   4.67936    -17.339151
   4.71543    -17.342257
   4.75150    -17.343293
   4.75150    -17.343293
   4.80749    -17.341710
   4.86348    -17.337204
   4.91948    -17.330490
   4.97547    -17.322945
   5.03146    -17.316676
   5.08746    -17.314772
   5.14345    -17.321098
   5.19944    -17.339259
   5.25543    -17.370862
   5.31143    -17.414160
   5.36742    -17.465146
   5.42341    -17.519311
   5.47941    -17.572879
   5.53540    -17.622748
   5.59139    -17.666590
   5.64738    -17.702434
   5.70338    -17.729056
   5.75937    -17.745380
   5.81536    -17.750889
   5.81536    -17.750889
   5.85143    -17.814235
   5.88750    -17.877440
   5.92357    -17.939820
   5.95965    -18.000825
   5.99572    -18.060006
   6.03179    -18.116871
   6.06786    -18.171062
   6.10393    -18.222160
   6.14000    -18.269847
   6.17607    -18.313787
   6.21214    -18.353811
   6.24821    -18.389667
   6.28428    -18.421127
   6.32035    -18.448096
   6.35642    -18.470327
   6.39249    -18.487787
   6.42856    -18.500340
   6.46463    -18.507844
   6.50070    -18.510385
 
# Band-Index   10
   6.50070    -17.241837
   6.46463    -17.242039
   6.42856    -17.242701
   6.39249    -17.243964
   6.35642    -17.246098
   6.32035    -17.249536
   6.28428    -17.254839
   6.24821    -17.262710
   6.21214    -17.274030
   6.17607    -17.289789
   6.14000    -17.310964
   6.10393    -17.338277
   6.06786    -17.372251
   6.03179    -17.412825
   5.99572    -17.459431
   5.95965    -17.511257
   5.92357    -17.567318
   5.88750    -17.626572
   5.85143    -17.688040
   5.81536    -17.750889
   5.81536    -17.750889
   5.75937    -17.745380
   5.70338    -17.729056
   5.64738    -17.702434
   5.59139    -17.666590
   5.53540    -17.622748
   5.47941    -17.572879
   5.42341    -17.519311
   5.36742    -17.465146
   5.31143    -17.414160
   5.25543    -17.370862
   5.19944    -17.339259
   5.14345    -17.321098
   5.08746    -17.314772
   5.03146    -17.316676
   4.97547    -17.322945
   4.91948    -17.330490
   4.86348    -17.337204
   4.80749    -17.341710
   4.75150    -17.343293
   4.75150    -17.343293
   4.71543    -17.342257
   4.67936    -17.339151
   4.64329    -17.333999
   4.60722    -17.326829
   4.57115    -17.317682
   4.53508    -17.306602
   4.49901    -17.293671
   4.46294    -17.278939
   4.42686    -17.262491
   4.39079    -17.244453
   4.35472    -17.224916
   4.31865    -17.203969
   4.28258    -17.181772
   4.24651    -17.158452
   4.21044    -17.134166
   4.17437    -17.109027
   4.13830    -17.083259
   4.10223    -17.057086
   4.06616    -17.034366
   4.06616    -17.034366
   4.01017    -17.031277
   3.95417    -17.022104
   3.89818    -17.007110
   3.84219    -16.986677
   3.78620    -16.961343
   3.73020    -16.931832
   3.67421    -16.906878
   3.61822    -16.931717
   3.56222    -16.962959
   3.50623    -16.998752
   3.45024    -17.037201
   3.39425    -17.076418
   3.33825    -17.114531
   3.28226    -17.149990
   3.22627    -17.181213
   3.17027    -17.206928
   3.11428    -17.226056
   3.05829    -17.237857
   3.00230    -17.241837
   3.00230    -17.241837
   2.95128    -17.242250
   2.90027    -17.243669
   2.84926    -17.246756
   2.79825    -17.252594
   2.74724    -17.262835
   2.69623    -17.279629
   2.64522    -17.305106
   2.59420    -17.340632
   2.54319    -17.386013
   2.49218    -17.439134
   2.44117    -17.496686
   2.39016    -17.555289
   2.33915    -17.611848
   2.28814    -17.663673
   2.23713    -17.708640
   2.18611    -17.745241
   2.13510    -17.772186
   2.08409    -17.788626
   2.03308    -17.794234
   2.03308    -17.794234
   1.97709    -17.788339
   1.92109    -17.770962
   1.86510    -17.742354
   1.80911    -17.703383
   1.75312    -17.654973
   1.69712    -17.598441
   1.64113    -17.535032
   1.58514    -17.466595
   1.52914    -17.394707
   1.47315    -17.321322
   1.41716    -17.248478
   1.36117    -17.178136
   1.30517    -17.112268
   1.24918    -17.064009
   1.19319    -17.087300
   1.13719    -17.106107
   1.08120    -17.119936
   1.02521    -17.128401
   0.96922    -17.131241
   0.96922    -17.131241
   0.91820    -17.130595
   0.86719    -17.128657
   0.81618    -17.125518
   0.76517    -17.121219
   0.71416    -17.115899
   0.66315    -17.109658
   0.61214    -17.102702
   0.56112    -17.095199
   0.51011    -17.087348
   0.45910    -17.079345
   0.40809    -17.071432
   0.35708    -17.063811
   0.30607    -17.056705
   0.25506    -17.050301
   0.20405    -17.044794
   0.15303    -17.040329
   0.10202    -17.037034
   0.05101    -17.035030
   0.00000    -17.034366
 
# Band-Index   11
   0.00000    -17.025749
   0.05101    -17.024932
   0.10202    -17.022437
   0.15303    -17.018401
   0.20405    -17.012886
   0.25506    -17.006046
   0.30607    -16.998084
   0.35708    -16.989200
   0.40809    -16.979655
   0.45910    -16.969719
   0.51011    -16.959648
   0.56112    -16.949722
   0.61214    -16.940175
   0.66315    -16.931324
   0.71416    -16.923373
   0.76517    -16.916550
   0.81618    -16.911053
   0.86719    -16.907020
   0.91820    -16.904556
   0.96922    -16.903723
   0.96922    -16.903723
   1.02521    -16.910082
   1.08120    -16.928924
   1.13719    -16.959693
   1.19319    -17.001418
   1.24918    -17.052784
   1.30517    -17.036917
   1.36117    -17.006738
   1.41716    -16.974314
   1.47315    -16.940546
   1.52914    -16.906363
   1.58514    -16.872689
   1.64113    -16.840421
   1.69712    -16.810487
   1.75312    -16.783663
   1.80911    -16.760672
   1.86510    -16.742122
   1.92109    -16.728533
   1.97709    -16.720217
   2.03308    -16.717438
   2.03308    -16.717438
   2.08409    -16.720145
   2.13510    -16.728040
   2.18611    -16.740315
   2.23713    -16.755743
   2.28814    -16.772787
   2.33915    -16.789657
   2.39016    -16.804338
   2.44117    -16.814781
   2.49218    -16.818759
   2.54319    -16.814130
   2.59420    -16.799387
   2.64522    -16.774409
   2.69623    -16.741074
   2.74724    -16.703086
   2.79825    -16.664786
   2.84926    -16.630391
   2.90027    -16.603322
   2.95128    -16.586083
   3.00230    -16.580172
   3.00230    -16.580172
   3.05829    -16.583290
   3.11428    -16.592528
   3.17027    -16.607646
   3.22627    -16.628225
   3.28226    -16.653682
   3.33825    -16.683358
   3.39425    -16.716410
   3.45024    -16.751940
   3.50623    -16.788971
   3.56222    -16.826503
   3.61822    -16.863473
   3.67421    -16.898908
   3.73020    -16.931832
   3.78620    -16.961343
   3.84219    -16.986677
   3.89818    -17.007110
   3.95417    -17.022104
   4.01017    -17.031277
   4.06616    -17.025749
   4.06616    -17.025749
   4.10223    -17.002867
   4.13830    -16.976201
   4.17437    -16.949618
   4.21044    -16.923407
   4.24651    -16.897744
   4.28258    -16.872832
   4.31865    -16.848887
   4.35472    -16.826054
   4.39079    -16.804522
   4.42686    -16.784451
   4.46294    -16.766026
   4.49901    -16.749379
   4.53508    -16.734658
   4.57115    -16.721980
   4.60722    -16.711445
   4.64329    -16.703156
   4.67936    -16.697185
   4.71543    -16.693602
   4.75150    -16.692398
   4.75150    -16.692398
   4.80749    -16.697739
   4.86348    -16.713398
   4.91948    -16.738230
   4.97547    -16.770233
   5.03146    -16.806459
   5.08746    -16.842821
   5.14345    -16.874351
   5.19944    -16.896225
   5.25543    -16.905789
   5.31143    -16.903655
   5.36742    -16.892761
   5.42341    -16.876497
   5.47941    -16.857816
   5.53540    -16.838944
   5.59139    -16.821578
   5.64738    -16.806898
   5.70338    -16.795840
   5.75937    -16.788970
   5.81536    -16.786653
   5.81536    -16.786653
   5.85143    -16.797482
   5.88750    -16.806230
   5.92357    -16.812343
   5.95965    -16.815253
   5.99572    -16.814340
   6.03179    -16.809026
   6.06786    -16.798935
   6.10393    -16.783979
   6.14000    -16.764605
   6.17607    -16.741661
   6.21214    -16.716450
   6.24821    -16.690328
   6.28428    -16.664782
   6.32035    -16.641070
   6.35642    -16.620246
   6.39249    -16.603204
   6.42856    -16.590559
   6.46463    -16.582785
   6.50070    -16.580172
 
# Band-Index   12
   6.50070    -16.580172
   6.46463    -16.581010
   6.42856    -16.583524
   6.39249    -16.587666
   6.35642    -16.593403
   6.32035    -16.600648
   6.28428    -16.609342
   6.24821    -16.619402
   6.21214    -16.630675
   6.17607    -16.643044
   6.14000    -16.656372
   6.10393    -16.670473
   6.06786    -16.685183
   6.03179    -16.700307
   5.99572    -16.715648
   5.95965    -16.730975
   5.92357    -16.746036
   5.88750    -16.760548
   5.85143    -16.774200
   5.81536    -16.786653
   5.81536    -16.786653
   5.75937    -16.788970
   5.70338    -16.795840
   5.64738    -16.806898
   5.59139    -16.821578
   5.53540    -16.838944
   5.47941    -16.857816
   5.42341    -16.876497
   5.36742    -16.892761
   5.31143    -16.903655
   5.25543    -16.905789
   5.19944    -16.896225
   5.14345    -16.874351
   5.08746    -16.842821
   5.03146    -16.806459
   4.97547    -16.770233
   4.91948    -16.738230
   4.86348    -16.713398
   4.80749    -16.697739
   4.75150    -16.692398
   4.75150    -16.692398
   4.71543    -16.693602
   4.67936    -16.697185
   4.64329    -16.703156
   4.60722    -16.711445
   4.57115    -16.721980
   4.53508    -16.734658
   4.49901    -16.749379
   4.46294    -16.766026
   4.42686    -16.784451
   4.39079    -16.804522
   4.35472    -16.826054
   4.31865    -16.848887
   4.28258    -16.872832
   4.24651    -16.897744
   4.21044    -16.923407
   4.17437    -16.949618
   4.13830    -16.976201
   4.10223    -17.002867
   4.06616    -17.025749
   4.06616    -17.025749
   4.01017    -16.972162
   3.95417    -16.931116
   3.89818    -16.902821
   3.84219    -16.887013
   3.78620    -16.883118
   3.73020    -16.890184
   3.67421    -16.898908
   3.61822    -16.863473
   3.56222    -16.826503
   3.50623    -16.788971
   3.45024    -16.751940
   3.39425    -16.716410
   3.33825    -16.683358
   3.28226    -16.653682
   3.22627    -16.628225
   3.17027    -16.607646
   3.11428    -16.592528
   3.05829    -16.583290
   3.00230    -16.580172
   3.00230    -16.580172
   2.95128    -16.581148
   2.90027    -16.584031
   2.84926    -16.588751
   2.79825    -16.595151
   2.74724    -16.603050
   2.69623    -16.612197
   2.64522    -16.622361
   2.59420    -16.633208
   2.54319    -16.644466
   2.49218    -16.655794
   2.44117    -16.666886
   2.39016    -16.677470
   2.33915    -16.687250
   2.28814    -16.695983
   2.23713    -16.703440
   2.18611    -16.709446
   2.13510    -16.713837
   2.08409    -16.716518
   2.03308    -16.717438
   2.03308    -16.717438
   1.97709    -16.720217
   1.92109    -16.728533
   1.86510    -16.742122
   1.80911    -16.760672
   1.75312    -16.783663
   1.69712    -16.810487
   1.64113    -16.840421
   1.58514    -16.872689
   1.52914    -16.906363
   1.47315    -16.940546
   1.41716    -16.974314
   1.36117    -17.006738
   1.30517    -17.036917
   1.24918    -17.052784
   1.19319    -17.001418
   1.13719    -16.959693
   1.08120    -16.928924
   1.02521    -16.910082
   0.96922    -16.903723
   0.96922    -16.903723
   0.91820    -16.892400
   0.86719    -16.864270
   0.81618    -16.828876
   0.76517    -16.792509
   0.71416    -16.758881
   0.66315    -16.730243
   0.61214    -16.708217
   0.56112    -16.693859
   0.51011    -16.687872
   0.45910    -16.690627
   0.40809    -16.702170
   0.35708    -16.722244
   0.30607    -16.750312
   0.25506    -16.785587
   0.20405    -16.827070
   0.15303    -16.873579
   0.10202    -16.923803
   0.05101    -16.976342
   0.00000    -17.025749
 
# Band-Index   13
   0.00000     -4.732197
   0.05101     -4.740436
   0.10202     -4.766707
   0.15303     -4.813724
   0.20405     -4.880342
   0.25506     -4.959197
   0.30607     -5.040543
   0.35708     -5.116576
   0.40809     -5.182315
   0.45910     -5.234918
   0.51011     -5.272458
   0.56112     -5.294355
   0.61214     -5.299785
   0.66315     -5.289082
   0.71416     -5.262968
   0.76517     -5.222023
   0.81618     -5.167727
   0.86719     -5.101897
   0.91820     -5.027122
   0.96922     -4.950315
   0.96922     -4.950315
   1.02521     -4.952359
   1.08120     -4.957813
   1.13719     -4.964943
   1.19319     -4.971231
   1.24918     -4.973796
   1.30517     -4.969983
   1.36117     -5.012489
   1.41716     -5.077121
   1.47315     -5.153873
   1.52914     -5.237866
   1.58514     -5.324509
   1.64113     -5.409668
   1.69712     -5.489967
   1.75312     -5.562414
   1.80911     -5.624693
   1.86510     -5.674917
   1.92109     -5.711898
   1.97709     -5.734418
   2.03308     -5.742185
   2.03308     -5.742185
   2.08409     -5.742090
   2.13510     -5.742493
   2.18611     -5.743189
   2.23713     -5.744242
   2.28814     -5.745774
   2.33915     -5.747983
   2.39016     -5.751115
   2.44117     -5.755629
   2.49218     -5.762131
   2.54319     -5.771410
   2.59420     -5.784684
   2.64522     -5.803852
   2.69623     -5.830685
   2.74724     -5.866671
   2.79825     -5.910142
   2.84926     -5.956187
   2.90027     -5.996710
   2.95128     -6.024248
   3.00230     -6.034097
   3.00230     -6.034097
   3.05829     -6.024269
   3.11428     -5.994985
   3.17027     -5.946878
   3.22627     -5.880642
   3.28226     -5.797544
   3.33825     -5.699311
   3.39425     -5.587778
   3.45024     -5.465742
   3.50623     -5.336160
   3.56222     -5.202959
   3.61822     -5.071045
   3.67421     -4.947259
   3.73020     -4.841478
   3.78620     -4.766850
   3.84219     -4.732545
   3.89818     -4.729268
   3.95417     -4.736366
   4.01017     -4.739188
   4.06616     -4.732197
   4.06616     -4.732197
   4.10223     -4.733083
   4.13830     -4.736202
   4.17437     -4.742688
   4.21044     -4.754600
   4.24651     -4.774272
   4.28258     -4.803671
   4.31865     -4.843086
   4.35472     -4.890450
   4.39079     -4.942334
   4.42686     -4.995496
   4.46294     -5.047397
   4.49901     -5.096058
   4.53508     -5.140111
   4.57115     -5.178673
   4.60722     -5.210969
   4.64329     -5.236486
   4.67936     -5.254985
   4.71543     -5.266235
   4.75150     -5.269979
   4.75150     -5.269979
   4.80749     -5.255520
   4.86348     -5.212494
   4.91948     -5.142064
   4.97547     -5.046403
   5.03146     -4.929156
   5.08746     -4.795898
   5.14345     -4.658617
   5.19944     -4.577274
   5.25543     -4.600265
   5.31143     -4.641733
   5.36742     -4.699872
   5.42341     -4.772704
   5.47941     -4.851523
   5.53540     -4.927745
   5.59139     -4.995576
   5.64738     -5.051149
   5.70338     -5.092300
   5.75937     -5.117514
   5.81536     -5.126036
   5.81536     -5.126036
   5.85143     -5.156655
   5.88750     -5.196310
   5.92357     -5.243771
   5.95965     -5.297737
   5.99572     -5.357064
   6.03179     -5.420263
   6.06786     -5.486227
   6.10393     -5.553611
   6.14000     -5.621195
   6.17607     -5.687629
   6.21214     -5.751579
   6.24821     -5.811635
   6.28428     -5.866617
   6.32035     -5.915543
   6.35642     -5.957058
   6.39249     -5.990217
   6.42856     -6.014450
   6.46463     -6.029092
   6.50070     -6.034097
 
# Band-Index   14
   6.50070     -5.483135
   6.46463     -5.480409
   6.42856     -5.472338
   6.39249     -5.458939
   6.35642     -5.440521
   6.32035     -5.417392
   6.28428     -5.390063
   6.24821     -5.359120
   6.21214     -5.325294
   6.17607     -5.289442
   6.14000     -5.252690
   6.10393     -5.216213
   6.06786     -5.181587
   6.03179     -5.150448
   5.99572     -5.124586
   5.95965     -5.105787
   5.92357     -5.095594
   5.88750     -5.095253
   5.85143     -5.105343
   5.81536     -5.126036
   5.81536     -5.126036
   5.75937     -5.117514
   5.70338     -5.092300
   5.64738     -5.051149
   5.59139     -4.995576
   5.53540     -4.927745
   5.47941     -4.851523
   5.42341     -4.772704
   5.36742     -4.699872
   5.31143     -4.641733
   5.25543     -4.600265
   5.19944     -4.577274
   5.14345     -4.658617
   5.08746     -4.795898
   5.03146     -4.929156
   4.97547     -5.046403
   4.91948     -5.142064
   4.86348     -5.212494
   4.80749     -5.255520
   4.75150     -5.269979
   4.75150     -5.269979
   4.71543     -5.266235
   4.67936     -5.254985
   4.64329     -5.236486
   4.60722     -5.210969
   4.57115     -5.178673
   4.53508     -5.140111
   4.49901     -5.096058
   4.46294     -5.047397
   4.42686     -4.995496
   4.39079     -4.942334
   4.35472     -4.890450
   4.31865     -4.843086
   4.28258     -4.803671
   4.24651     -4.774272
   4.21044     -4.754600
   4.17437     -4.742688
   4.13830     -4.736202
   4.10223     -4.733083
   4.06616     -4.732197
   4.06616     -4.732197
   4.01017     -4.716061
   3.95417     -4.696086
   3.89818     -4.680268
   3.84219     -4.676786
   3.78620     -4.691724
   3.73020     -4.726891
   3.67421     -4.780148
   3.61822     -4.847482
   3.56222     -4.924312
   3.50623     -5.006241
   3.45024     -5.089415
   3.39425     -5.170395
   3.33825     -5.246267
   3.28226     -5.314481
   3.22627     -5.373124
   3.17027     -5.420342
   3.11428     -5.454963
   3.05829     -5.476042
   3.00230     -5.483135
   3.00230     -5.483135
   2.95128     -5.477605
   2.90027     -5.460172
   2.84926     -5.428313
   2.79825     -5.378735
   2.74724     -5.310451
   2.69623     -5.227953
   2.64522     -5.143563
   2.59420     -5.075785
   2.54319     -5.044493
   2.49218     -5.061156
   2.44117     -5.122697
   2.39016     -5.215787
   2.33915     -5.324450
   2.28814     -5.434846
   2.23713     -5.536872
   2.18611     -5.623001
   2.13510     -5.688008
   2.08409     -5.728302
   2.03308     -5.742185
   2.03308     -5.742185
   1.97709     -5.734418
   1.92109     -5.711898
   1.86510     -5.674917
   1.80911     -5.624693
   1.75312     -5.562414
   1.69712     -5.489967
   1.64113     -5.409668
   1.58514     -5.324509
   1.52914     -5.237866
   1.47315     -5.153873
   1.41716     -5.077121
   1.36117     -5.012489
   1.30517     -4.969983
   1.24918     -4.973796
   1.19319     -4.971231
   1.13719     -4.964943
   1.08120     -4.957813
   1.02521     -4.952359
   0.96922     -4.950315
   0.96922     -4.950315
   0.91820     -4.946360
   0.86719     -4.934466
   0.81618     -4.914690
   0.76517     -4.886957
   0.71416     -4.851242
   0.66315     -4.807487
   0.61214     -4.755903
   0.56112     -4.696582
   0.51011     -4.629660
   0.45910     -4.569173
   0.40809     -4.551301
   0.35708     -4.562155
   0.30607     -4.591688
   0.25506     -4.627629
   0.20405     -4.662299
   0.15303     -4.691761
   0.10202     -4.713840
   0.05101     -4.727526
   0.00000     -4.732197
 
# Band-Index   15
   0.00000     -3.961312
   0.05101     -4.082765
   0.10202     -4.210547
   0.15303     -4.309801
   0.20405     -4.378219
   0.25506     -4.421194
   0.30607     -4.447345
   0.35708     -4.463933
   0.40809     -4.475725
   0.45910     -4.555518
   0.51011     -4.610637
   0.56112     -4.663621
   0.61214     -4.719418
   0.66315     -4.773175
   0.71416     -4.821951
   0.76517     -4.863821
   0.81618     -4.897598
   0.86719     -4.922232
   0.91820     -4.937366
   0.96922     -4.942556
   0.96922     -4.942556
   1.02521     -4.939566
   1.08120     -4.931823
   1.13719     -4.924211
   1.19319     -4.923002
   1.24918     -4.934791
   1.30517     -4.964267
   1.36117     -4.957275
   1.41716     -4.933672
   1.47315     -4.897616
   1.52914     -4.848094
   1.58514     -4.784409
   1.64113     -4.706456
   1.69712     -4.615313
   1.75312     -4.512204
   1.80911     -4.400180
   1.86510     -4.284594
   1.92109     -4.175800
   1.97709     -4.091681
   2.03308     -4.058738
   2.03308     -4.058738
   2.08409     -4.058123
   2.13510     -4.056674
   2.18611     -4.054314
   2.23713     -4.051078
   2.28814     -4.047076
   2.33915     -4.042427
   2.39016     -4.037216
   2.44117     -4.136808
   2.49218     -4.282402
   2.54319     -4.419863
   2.59420     -4.547440
   2.64522     -4.663755
   2.69623     -4.767152
   2.74724     -4.856737
   2.79825     -4.931456
   2.84926     -4.990451
   2.90027     -5.033026
   2.95128     -5.058782
   3.00230     -5.067357
   3.00230     -5.067357
   3.05829     -5.059473
   3.11428     -5.035577
   3.17027     -4.995904
   3.22627     -4.940546
   3.28226     -4.869631
   3.33825     -4.783533
   3.39425     -4.682333
   3.45024     -4.566745
   3.50623     -4.437047
   3.56222     -4.312539
   3.61822     -4.295295
   3.67421     -4.263784
   3.73020     -4.218878
   3.78620     -4.179175
   3.84219     -4.184223
   3.89818     -4.146173
   3.95417     -4.086880
   4.01017     -4.023170
   4.06616     -3.961312
   4.06616     -3.961312
   4.10223     -4.014590
   4.13830     -4.091283
   4.17437     -4.166021
   4.21044     -4.233319
   4.24651     -4.288904
   4.28258     -4.329589
   4.31865     -4.354405
   4.35472     -4.364775
   4.39079     -4.363642
   4.42686     -4.354054
   4.46294     -4.338750
   4.49901     -4.319618
   4.53508     -4.298472
   4.57115     -4.276935
   4.60722     -4.256436
   4.64329     -4.238295
   4.67936     -4.224099
   4.71543     -4.215018
   4.75150     -4.211876
   4.75150     -4.211876
   4.80749     -4.225422
   4.86348     -4.261813
   4.91948     -4.311979
   4.97547     -4.367415
   5.03146     -4.421726
   5.08746     -4.470615
   5.14345     -4.509617
   5.19944     -4.496771
   5.25543     -4.418516
   5.31143     -4.385357
   5.36742     -4.374572
   5.42341     -4.353573
   5.47941     -4.313856
   5.53540     -4.256796
   5.59139     -4.186414
   5.64738     -4.107878
   5.70338     -4.030076
   5.75937     -3.967746
   5.81536     -3.942688
   5.81536     -3.942688
   5.85143     -3.944288
   5.88750     -3.946489
   5.92357     -3.949068
   5.95965     -3.998208
   5.99572     -4.140595
   6.03179     -4.273461
   6.06786     -4.396256
   6.10393     -4.508434
   6.14000     -4.609905
   6.17607     -4.700322
   6.21214     -4.780108
   6.24821     -4.849325
   6.28428     -4.908419
   6.32035     -4.957742
   6.35642     -4.997621
   6.39249     -5.028350
   6.42856     -5.050115
   6.46463     -5.063043
   6.50070     -5.067357
 
# Band-Index   16
   6.50070     -3.986412
   6.46463     -3.986213
   6.42856     -3.985637
   6.39249     -3.984637
   6.35642     -3.983258
   6.32035     -3.981471
   6.28428     -3.979282
   6.24821     -3.976996
   6.21214     -3.974296
   6.17607     -3.971379
   6.14000     -3.968331
   6.10393     -3.965071
   6.06786     -3.961724
   6.03179     -3.958401
   5.99572     -3.955117
   5.95965     -3.951960
   5.92357     -3.941330
   5.88750     -3.941146
   5.85143     -3.941595
   5.81536     -3.942688
   5.81536     -3.942688
   5.75937     -3.967746
   5.70338     -4.030076
   5.64738     -4.107878
   5.59139     -4.186414
   5.53540     -4.256796
   5.47941     -4.313856
   5.42341     -4.353573
   5.36742     -4.374572
   5.31143     -4.385357
   5.25543     -4.418516
   5.19944     -4.496771
   5.14345     -4.509617
   5.08746     -4.470615
   5.03146     -4.421726
   4.97547     -4.367415
   4.91948     -4.311979
   4.86348     -4.261813
   4.80749     -4.225422
   4.75150     -4.211876
   4.75150     -4.211876
   4.71543     -4.215018
   4.67936     -4.224099
   4.64329     -4.238295
   4.60722     -4.256436
   4.57115     -4.276935
   4.53508     -4.298472
   4.49901     -4.319618
   4.46294     -4.338750
   4.42686     -4.354054
   4.39079     -4.363642
   4.35472     -4.364775
   4.31865     -4.354405
   4.28258     -4.329589
   4.24651     -4.288904
   4.21044     -4.233319
   4.17437     -4.166021
   4.13830     -4.091283
   4.10223     -4.014590
   4.06616     -3.961312
   4.06616     -3.961312
   4.01017     -3.910062
   3.95417     -3.960357
   3.89818     -4.026806
   3.84219     -4.096699
   3.78620     -4.162201
   3.73020     -4.218878
   3.67421     -4.263784
   3.61822     -4.295295
   3.56222     -4.312539
   3.50623     -4.315062
   3.45024     -4.303245
   3.39425     -4.277807
   3.33825     -4.240195
   3.28226     -4.192714
   3.22627     -4.139010
   3.17027     -4.083914
   3.11428     -4.034517
   3.05829     -3.999341
   3.00230     -3.986412
   3.00230     -3.986412
   2.95128     -3.986966
   2.90027     -3.988409
   2.84926     -3.990823
   2.79825     -3.994071
   2.74724     -3.998130
   2.69623     -4.002800
   2.64522     -4.008210
   2.59420     -4.013856
   2.54319     -4.019738
   2.49218     -4.025728
   2.44117     -4.031584
   2.39016     -3.985248
   2.33915     -3.989489
   2.28814     -4.006964
   2.23713     -4.023590
   2.18611     -4.038048
   2.13510     -4.049201
   2.08409     -4.056215
   2.03308     -4.058738
   2.03308     -4.058738
   1.97709     -4.091681
   1.92109     -4.175800
   1.86510     -4.284594
   1.80911     -4.400180
   1.75312     -4.512204
   1.69712     -4.615313
   1.64113     -4.706456
   1.58514     -4.784409
   1.52914     -4.848094
   1.47315     -4.897616
   1.41716     -4.933672
   1.36117     -4.957275
   1.30517     -4.964267
   1.24918     -4.934791
   1.19319     -4.923002
   1.13719     -4.924211
   1.08120     -4.931823
   1.02521     -4.939566
   0.96922     -4.942556
   0.96922     -4.942556
   0.91820     -4.863804
   0.86719     -4.783784
   0.81618     -4.710919
   0.76517     -4.648431
   0.71416     -4.598292
   0.66315     -4.560011
   0.61214     -4.532002
   0.56112     -4.511930
   0.51011     -4.497393
   0.45910     -4.486084
   0.40809     -4.474827
   0.35708     -4.388409
   0.30607     -4.297816
   0.25506     -4.205110
   0.20405     -4.113694
   0.15303     -4.028644
   0.10202     -3.989678
   0.05101     -3.968534
   0.00000     -3.961312
 
# Band-Index   17
   0.00000     -3.890643
   0.05101     -3.908179
   0.10202     -3.957042
   0.15303     -4.023440
   0.20405     -4.066686
   0.25506     -4.116051
   0.30607     -4.165941
   0.35708     -4.207384
   0.40809     -4.226782
   0.45910     -4.213560
   0.51011     -4.172025
   0.56112     -4.114284
   0.61214     -4.049090
   0.66315     -3.982119
   0.71416     -3.917377
   0.76517     -3.858078
   0.81618     -3.807434
   0.86719     -3.768363
   0.91820     -3.743711
   0.96922     -3.735279
   0.96922     -3.735279
   1.02521     -3.733737
   1.08120     -3.727313
   1.13719     -3.711464
   1.19319     -3.679237
   1.24918     -3.623181
   1.30517     -3.537918
   1.36117     -3.422234
   1.41716     -3.278164
   1.47315     -3.110294
   1.52914     -2.924324
   1.58514     -2.726557
   1.64113     -2.523494
   1.69712     -2.322222
   1.75312     -2.479469
   1.80911     -2.659420
   1.86510     -2.830823
   1.92109     -2.981227
   1.97709     -3.090690
   2.03308     -3.132509
   2.03308     -3.132509
   2.08409     -3.165744
   2.13510     -3.254787
   2.18611     -3.378858
   2.23713     -3.521764
   2.28814     -3.674266
   2.33915     -3.830056
   2.39016     -3.972654
   2.44117     -3.957935
   2.49218     -3.946705
   2.54319     -3.939669
   2.59420     -3.937364
   2.64522     -3.939551
   2.69623     -3.945418
   2.74724     -3.953785
   2.79825     -3.963244
   2.84926     -3.972383
   2.90027     -3.979875
   2.95128     -3.984681
   3.00230     -3.986412
   3.00230     -3.986412
   3.05829     -3.999341
   3.11428     -4.034517
   3.17027     -4.083914
   3.22627     -4.139010
   3.28226     -4.192714
   3.33825     -4.240195
   3.39425     -4.277807
   3.45024     -4.303245
   3.50623     -4.315062
   3.56222     -4.293737
   3.61822     -4.137490
   3.67421     -4.015589
   3.73020     -4.120466
   3.78620     -4.162201
   3.84219     -4.096699
   3.89818     -4.026806
   3.95417     -3.960357
   4.01017     -3.910062
   4.06616     -3.890643
   4.06616     -3.890643
   4.10223     -3.839500
   4.13830     -3.768938
   4.17437     -3.703528
   4.21044     -3.646997
   4.24651     -3.600984
   4.28258     -3.566261
   4.31865     -3.542647
   4.35472     -3.529245
   4.39079     -3.524626
   4.42686     -3.527315
   4.46294     -3.535697
   4.49901     -3.548213
   4.53508     -3.563378
   4.57115     -3.579900
   4.60722     -3.596303
   4.64329     -3.611129
   4.67936     -3.623015
   4.71543     -3.630751
   4.75150     -3.633429
   4.75150     -3.633429
   4.80749     -3.626834
   4.86348     -3.613121
   4.91948     -3.606437
   4.97547     -3.621751
   5.03146     -3.666841
   5.08746     -3.736770
   5.14345     -3.815090
   5.19944     -3.875099
   5.25543     -3.878508
   5.31143     -3.801715
   5.36742     -3.676443
   5.42341     -3.550340
   5.47941     -3.456204
   5.53540     -3.404403
   5.59139     -3.384381
   5.64738     -3.380811
   5.70338     -3.383875
   5.75937     -3.388574
   5.81536     -3.391462
   5.81536     -3.391462
   5.85143     -3.524882
   5.88750     -3.688689
   5.92357     -3.847219
   5.95965     -3.942257
   5.99572     -3.943885
   6.03179     -3.946179
   6.06786     -3.949124
   6.10393     -3.952563
   6.14000     -3.956413
   6.17607     -3.960494
   6.21214     -3.964773
   6.24821     -3.969008
   6.28428     -3.973054
   6.32035     -3.976829
   6.35642     -3.980124
   6.39249     -3.982861
   6.42856     -3.984851
   6.46463     -3.985947
   6.50070     -3.986412
 
# Band-Index   18
   6.50070     -2.859791
   6.46463     -2.864103
   6.42856     -2.876921
   6.39249     -2.897852
   6.35642     -2.926298
   6.32035     -2.961426
   6.28428     -3.002226
   6.24821     -3.047558
   6.21214     -3.096066
   6.17607     -3.146290
   6.14000     -3.196662
   6.10393     -3.245393
   6.06786     -3.290648
   6.03179     -3.330616
   5.99572     -3.363434
   5.95965     -3.387227
   5.92357     -3.400908
   5.88750     -3.403454
   5.85143     -3.395579
   5.81536     -3.391462
   5.81536     -3.391462
   5.75937     -3.388574
   5.70338     -3.383875
   5.64738     -3.380811
   5.59139     -3.384381
   5.53540     -3.404403
   5.47941     -3.456204
   5.42341     -3.550340
   5.36742     -3.676443
   5.31143     -3.801715
   5.25543     -3.878508
   5.19944     -3.875099
   5.14345     -3.815090
   5.08746     -3.736770
   5.03146     -3.666841
   4.97547     -3.621751
   4.91948     -3.606437
   4.86348     -3.613121
   4.80749     -3.626834
   4.75150     -3.633429
   4.75150     -3.633429
   4.71543     -3.630751
   4.67936     -3.623015
   4.64329     -3.611129
   4.60722     -3.596303
   4.57115     -3.579900
   4.53508     -3.563378
   4.49901     -3.548213
   4.46294     -3.535697
   4.42686     -3.527315
   4.39079     -3.524626
   4.35472     -3.529245
   4.31865     -3.542647
   4.28258     -3.566261
   4.24651     -3.600984
   4.21044     -3.646997
   4.17437     -3.703528
   4.13830     -3.768938
   4.10223     -3.839500
   4.06616     -3.890643
   4.06616     -3.890643
   4.01017     -3.901248
   3.95417     -3.838132
   3.89818     -3.764336
   3.84219     -3.670388
   3.78620     -3.598553
   3.73020     -3.789039
   3.67421     -3.968988
   3.61822     -3.877184
   3.56222     -3.715061
   3.50623     -3.536276
   3.45024     -3.347489
   3.39425     -3.154961
   3.33825     -2.965217
   3.28226     -2.785415
   3.22627     -2.623012
   3.17027     -2.704746
   3.11428     -2.785877
   3.05829     -2.840417
   3.00230     -2.859791
   3.00230     -2.859791
   2.95128     -2.871895
   2.90027     -2.907531
   2.84926     -2.964475
   2.79825     -3.038979
   2.74724     -3.125018
   2.69623     -3.213798
   2.64522     -3.292351
   2.59420     -3.344419
   2.54319     -3.354923
   2.49218     -3.318974
   2.44117     -3.249701
   2.39016     -3.174424
   2.33915     -3.119625
   2.28814     -3.095223
   2.23713     -3.094619
   2.18611     -3.105724
   2.13510     -3.119066
   2.08409     -3.128685
   2.03308     -3.132509
   2.03308     -3.132509
   1.97709     -3.090690
   1.92109     -2.981227
   1.86510     -2.830823
   1.80911     -2.659420
   1.75312     -2.479469
   1.69712     -2.322222
   1.64113     -2.523494
   1.58514     -2.726557
   1.52914     -2.924324
   1.47315     -3.110294
   1.41716     -3.278164
   1.36117     -3.422234
   1.30517     -3.537918
   1.24918     -3.623181
   1.19319     -3.679237
   1.13719     -3.711464
   1.08120     -3.727313
   1.02521     -3.733737
   0.96922     -3.735279
   0.96922     -3.735279
   0.91820     -3.724552
   0.86719     -3.691973
   0.81618     -3.637025
   0.76517     -3.559618
   0.71416     -3.461588
   0.66315     -3.346667
   0.61214     -3.220622
   0.56112     -3.090988
   0.51011     -3.014458
   0.45910     -3.017723
   0.40809     -3.020521
   0.35708     -3.022735
   0.30607     -3.024207
   0.25506     -3.039568
   0.20405     -3.208649
   0.15303     -3.390391
   0.10202     -3.574337
   0.05101     -3.752586
   0.00000     -3.890643
 
# Band-Index   19
   0.00000     -3.023238
   0.05101     -3.023510
   0.10202     -3.024062
   0.15303     -3.024813
   0.20405     -3.025089
   0.25506     -3.024992
   0.30607     -2.971379
   0.35708     -2.960541
   0.40809     -2.951399
   0.45910     -2.944592
   0.51011     -2.967725
   0.56112     -3.010884
   0.61214     -3.007114
   0.66315     -3.003493
   0.71416     -3.000050
   0.76517     -2.997063
   0.81618     -2.994532
   0.86719     -2.992657
   0.91820     -2.991488
   0.96922     -2.991102
   0.96922     -2.991102
   1.02521     -2.977739
   1.08120     -2.938387
   1.13719     -2.875299
   1.19319     -2.791638
   1.24918     -2.691266
   1.30517     -2.578076
   1.36117     -2.456398
   1.41716     -2.330757
   1.47315     -2.206949
   1.52914     -2.096784
   1.58514     -2.046722
   1.64113     -2.138593
   1.69712     -2.301072
   1.75312     -2.143769
   1.80911     -2.183445
   1.86510     -2.214945
   1.92109     -2.237794
   1.97709     -2.251608
   2.03308     -2.256297
   2.03308     -2.256297
   2.08409     -2.266788
   2.13510     -2.296111
   2.18611     -2.338821
   2.23713     -2.389279
   2.28814     -2.443077
   2.33915     -2.497209
   2.39016     -2.549446
   2.44117     -2.598806
   2.49218     -2.644428
   2.54319     -2.685850
   2.59420     -2.722830
   2.64522     -2.755376
   2.69623     -2.783369
   2.74724     -2.806867
   2.79825     -2.826011
   2.84926     -2.840829
   2.90027     -2.851402
   2.95128     -2.857687
   3.00230     -2.859791
   3.00230     -2.859791
   3.05829     -2.840417
   3.11428     -2.785877
   3.17027     -2.704746
   3.22627     -2.606392
   3.28226     -2.498880
   3.33825     -2.388621
   3.39425     -2.280455
   3.45024     -2.331509
   3.50623     -2.572877
   3.56222     -2.805554
   3.61822     -3.024282
   3.67421     -3.224253
   3.73020     -3.400701
   3.78620     -3.549859
   3.84219     -3.398725
   3.89818     -3.190517
   3.95417     -2.975313
   4.01017     -2.992799
   4.06616     -3.023238
   4.06616     -3.023238
   4.10223     -3.022783
   4.13830     -3.021175
   4.17437     -3.017946
   4.21044     -3.012548
   4.24651     -3.004097
   4.28258     -2.992072
   4.31865     -2.976259
   4.35472     -2.956632
   4.39079     -2.933408
   4.42686     -2.907219
   4.46294     -2.878807
   4.49901     -2.848853
   4.53508     -2.818227
   4.57115     -2.788002
   4.60722     -2.759357
   4.64329     -2.733939
   4.67936     -2.713596
   4.71543     -2.700295
   4.75150     -2.695650
   4.75150     -2.695650
   4.80749     -2.719281
   4.86348     -2.777200
   4.91948     -2.845122
   4.97547     -2.903319
   5.03146     -2.941467
   5.08746     -2.960934
   5.14345     -2.969956
   5.19944     -2.976108
   5.25543     -2.983385
   5.31143     -2.991343
   5.36742     -2.996650
   5.42341     -2.995463
   5.47941     -2.992677
   5.53540     -3.010075
   5.59139     -3.063993
   5.64738     -3.144573
   5.70338     -3.231237
   5.75937     -3.300322
   5.81536     -3.327087
   5.81536     -3.327087
   5.85143     -3.335464
   5.88750     -3.299568
   5.92357     -3.256084
   5.95965     -3.208606
   5.99572     -3.159612
   6.03179     -3.111488
   6.06786     -3.065976
   6.10393     -3.024418
   6.14000     -2.987798
   6.17607     -2.956450
   6.21214     -2.930641
   6.24821     -2.909872
   6.28428     -2.893779
   6.32035     -2.881570
   6.35642     -2.872845
   6.39249     -2.866695
   6.42856     -2.862763
   6.46463     -2.860504
   6.50070     -2.859791
 
# Band-Index   20
   6.50070     -2.292969
   6.46463     -2.292232
   6.42856     -2.290180
   6.39249     -2.286589
   6.35642     -2.281452
   6.32035     -2.274547
   6.28428     -2.265596
   6.24821     -2.254528
   6.21214     -2.240995
   6.17607     -2.224678
   6.14000     -2.205626
   6.10393     -2.183150
   6.06786     -2.157223
   6.03179     -2.247098
   5.99572     -2.432290
   5.95965     -2.618241
   5.92357     -2.803607
   5.88750     -2.986928
   5.85143     -3.166309
   5.81536     -3.327087
   5.81536     -3.327087
   5.75937     -3.300322
   5.70338     -3.231237
   5.64738     -3.144573
   5.59139     -3.063993
   5.53540     -3.010075
   5.47941     -2.992677
   5.42341     -2.995463
   5.36742     -2.996650
   5.31143     -2.991343
   5.25543     -2.983385
   5.19944     -2.976108
   5.14345     -2.969956
   5.08746     -2.960934
   5.03146     -2.941467
   4.97547     -2.903319
   4.91948     -2.845122
   4.86348     -2.777200
   4.80749     -2.719281
   4.75150     -2.695650
   4.75150     -2.695650
   4.71543     -2.700295
   4.67936     -2.713596
   4.64329     -2.733939
   4.60722     -2.759357
   4.57115     -2.788002
   4.53508     -2.818227
   4.49901     -2.848853
   4.46294     -2.878807
   4.42686     -2.907219
   4.39079     -2.933408
   4.35472     -2.956632
   4.31865     -2.976259
   4.28258     -2.992072
   4.24651     -3.004097
   4.21044     -3.012548
   4.17437     -3.017946
   4.13830     -3.021175
   4.10223     -3.022783
   4.06616     -3.023238
   4.06616     -3.023238
   4.01017     -2.992799
   3.95417     -2.909297
   3.89818     -2.788495
   3.84219     -2.643208
   3.78620     -2.482717
   3.73020     -2.314272
   3.67421     -2.146384
   3.61822     -2.011963
   3.56222     -2.013360
   3.50623     -2.086516
   3.45024     -2.178422
   3.39425     -2.280455
   3.33825     -2.388621
   3.28226     -2.498880
   3.22627     -2.606392
   3.17027     -2.485780
   3.11428     -2.381098
   3.05829     -2.315316
   3.00230     -2.292969
   3.00230     -2.292969
   2.95128     -2.291495
   2.90027     -2.287257
   2.84926     -2.279603
   2.79825     -2.268111
   2.74724     -2.251689
   2.69623     -2.229356
   2.64522     -2.200063
   2.59420     -2.162642
   2.54319     -2.116751
   2.49218     -2.062584
   2.44117     -2.055702
   2.39016     -2.062757
   2.33915     -2.006622
   2.28814     -1.894426
   2.23713     -1.930806
   2.18611     -2.047262
   2.13510     -2.150838
   2.08409     -2.227138
   2.03308     -2.256297
   2.03308     -2.256297
   1.97709     -2.251608
   1.92109     -2.237794
   1.86510     -2.214945
   1.80911     -2.183445
   1.75312     -2.143769
   1.69712     -2.301072
   1.64113     -2.138593
   1.58514     -2.046722
   1.52914     -2.096784
   1.47315     -2.206949
   1.41716     -2.330757
   1.36117     -2.456398
   1.30517     -2.578076
   1.24918     -2.691266
   1.19319     -2.791638
   1.13719     -2.875299
   1.08120     -2.938387
   1.02521     -2.977739
   0.96922     -2.991102
   0.96922     -2.991102
   0.91820     -2.988856
   0.86719     -2.982560
   0.81618     -2.973680
   0.76517     -2.963763
   0.71416     -2.954412
   0.66315     -2.946577
   0.61214     -2.941495
   0.56112     -2.939500
   0.51011     -2.940516
   0.45910     -2.865425
   0.40809     -2.806176
   0.35708     -2.815553
   0.30607     -2.900160
   0.25506     -2.983256
   0.20405     -2.995341
   0.15303     -3.006332
   0.10202     -3.015279
   0.05101     -3.021220
   0.00000     -3.023238
 
# Band-Index   21
   0.00000     -2.530580
   0.05101     -2.523336
   0.10202     -2.501816
   0.15303     -2.467013
   0.20405     -2.419710
   0.25506     -2.360894
   0.30607     -2.292382
   0.35708     -2.215584
   0.40809     -2.132318
   0.45910     -2.044545
   0.51011     -1.954360
   0.56112     -1.863983
   0.61214     -1.776089
   0.66315     -1.693075
   0.71416     -1.617693
   0.76517     -1.551916
   0.81618     -1.498179
   0.86719     -1.458229
   0.91820     -1.433911
   0.96922     -1.425691
   0.96922     -1.425691
   1.02521     -1.432858
   1.08120     -1.453883
   1.13719     -1.487756
   1.19319     -1.532973
   1.24918     -1.587332
   1.30517     -1.648682
   1.36117     -1.714640
   1.41716     -1.783017
   1.47315     -1.851753
   1.52914     -1.919009
   1.58514     -1.983149
   1.64113     -2.042689
   1.69712     -2.096620
   1.75312     -2.130009
   1.80911     -1.954926
   1.86510     -1.805512
   1.92109     -1.690865
   1.97709     -1.618145
   2.03308     -1.593212
   2.03308     -1.593212
   2.08409     -1.602607
   2.13510     -1.630297
   2.18611     -1.673924
   2.23713     -1.749142
   2.28814     -1.809612
   2.33915     -1.864190
   2.39016     -1.934010
   2.44117     -2.000994
   2.49218     -1.994022
   2.54319     -1.890767
   2.59420     -1.757011
   2.64522     -1.600920
   2.69623     -1.430105
   2.74724     -1.252971
   2.79825     -1.087615
   2.84926     -1.037681
   2.90027     -0.998383
   2.95128     -0.973226
   3.00230     -0.964519
   3.00230     -0.964519
   3.05829     -0.995628
   3.11428     -1.085659
   3.17027     -1.226578
   3.22627     -1.407331
   3.28226     -1.617473
   3.33825     -1.847085
   3.39425     -2.087543
   3.45024     -2.178422
   3.50623     -2.086516
   3.56222     -2.013360
   3.61822     -2.011963
   3.67421     -2.146384
   3.73020     -2.314272
   3.78620     -2.482717
   3.84219     -2.643208
   3.89818     -2.788495
   3.95417     -2.909297
   4.01017     -2.754817
   4.06616     -2.530580
   4.06616     -2.530580
   4.10223     -2.522674
   4.13830     -2.499119
   4.17437     -2.460322
   4.21044     -2.407296
   4.24651     -2.341266
   4.28258     -2.264473
   4.31865     -2.180227
   4.35472     -2.093276
   4.39079     -2.013686
   4.42686     -1.964331
   4.46294     -1.961800
   4.49901     -1.985498
   4.53508     -2.018031
   4.57115     -2.052749
   4.60722     -2.086169
   4.64329     -2.115962
   4.67936     -2.139704
   4.71543     -2.155171
   4.75150     -2.160542
   4.75150     -2.160542
   4.80749     -2.141380
   4.86348     -2.095983
   4.91948     -2.045779
   4.97547     -2.007341
   5.03146     -1.990173
   5.08746     -1.997055
   5.14345     -2.025672
   5.19944     -2.071120
   5.25543     -2.128624
   5.31143     -2.193637
   5.36742     -2.259702
   5.42341     -2.315223
   5.47941     -2.339393
   5.53540     -2.307724
   5.59139     -2.219026
   5.64738     -2.100980
   5.70338     -1.986854
   5.75937     -1.904188
   5.81536     -1.873759
   5.81536     -1.873759
   5.85143     -1.924893
   5.88750     -1.972789
   5.92357     -2.017094
   5.95965     -2.057726
   5.99572     -2.094669
   6.03179     -2.127830
   6.06786     -2.064031
   6.10393     -1.884501
   6.14000     -1.710128
   6.17607     -1.542367
   6.21214     -1.383412
   6.24821     -1.234965
   6.28428     -1.111270
   6.32035     -1.068581
   6.35642     -1.032347
   6.39249     -1.003244
   6.42856     -0.981917
   6.46463     -0.968893
   6.50070     -0.964519
 
# Band-Index   22
   6.50070     -0.678401
   6.46463     -0.691170
   6.42856     -0.729293
   6.39249     -0.791216
   6.35642     -0.875033
   6.32035     -0.978468
   6.28428     -1.099232
   6.24821     -1.159551
   6.21214     -1.212453
   6.17607     -1.269079
   6.14000     -1.328667
   6.10393     -1.390302
   6.06786     -1.453197
   6.03179     -1.516638
   5.99572     -1.579900
   5.95965     -1.642366
   5.92357     -1.703475
   5.88750     -1.762662
   5.85143     -1.819570
   5.81536     -1.873759
   5.81536     -1.873759
   5.75937     -1.904188
   5.70338     -1.986854
   5.64738     -2.100980
   5.59139     -2.219026
   5.53540     -2.307724
   5.47941     -2.339393
   5.42341     -2.315223
   5.36742     -2.259702
   5.31143     -2.193637
   5.25543     -2.128624
   5.19944     -2.071120
   5.14345     -2.025672
   5.08746     -1.997055
   5.03146     -1.990173
   4.97547     -2.007341
   4.91948     -2.045779
   4.86348     -2.095983
   4.80749     -2.141380
   4.75150     -2.160542
   4.75150     -2.160542
   4.71543     -2.155171
   4.67936     -2.139704
   4.64329     -2.115962
   4.60722     -2.086169
   4.57115     -2.052749
   4.53508     -2.018031
   4.49901     -1.985498
   4.46294     -1.961800
   4.42686     -1.964331
   4.39079     -2.013685
   4.35472     -2.093276
   4.31865     -2.180227
   4.28258     -2.264473
   4.24651     -2.341266
   4.21044     -2.407296
   4.17437     -2.460322
   4.13830     -2.499119
   4.10223     -2.522674
   4.06616     -2.530580
   4.06616     -2.530580
   4.01017     -2.304515
   3.95417     -2.078818
   3.89818     -1.855797
   3.84219     -1.690897
   3.78620     -1.725776
   3.73020     -1.768421
   3.67421     -1.814934
   3.61822     -1.836371
   3.56222     -1.733739
   3.50623     -1.573790
   3.45024     -1.411568
   3.39425     -1.257125
   3.33825     -1.115075
   3.28226     -0.988585
   3.22627     -0.880683
   3.17027     -0.793878
   3.11428     -0.730265
   3.05829     -0.691467
   3.00230     -0.678401
   3.00230     -0.678401
   2.95128     -0.708055
   2.90027     -0.792833
   2.84926     -0.921408
   2.79825     -1.079390
   2.74724     -1.144340
   2.69623     -1.204065
   2.64522     -1.263582
   2.59420     -1.320298
   2.54319     -1.372429
   2.49218     -1.419043
   2.44117     -1.459489
   2.39016     -1.567859
   2.33915     -1.687843
   2.28814     -1.794940
   2.23713     -1.730036
   2.18611     -1.599407
   2.13510     -1.585827
   2.08409     -1.591300
   2.03308     -1.593212
   2.03308     -1.593212
   1.97709     -1.618145
   1.92109     -1.690865
   1.86510     -1.805512
   1.80911     -1.954926
   1.75312     -2.130009
   1.69712     -2.096620
   1.64113     -2.042689
   1.58514     -1.983149
   1.52914     -1.919009
   1.47315     -1.851753
   1.41716     -1.783017
   1.36117     -1.714640
   1.30517     -1.648682
   1.24918     -1.587332
   1.19319     -1.532973
   1.13719     -1.487756
   1.08120     -1.453883
   1.02521     -1.432858
   0.96922     -1.425691
   0.96922     -1.425691
   0.91820     -1.428433
   0.86719     -1.436360
   0.81618     -1.448728
   0.76517     -1.464197
   0.71416     -1.481851
   0.66315     -1.500380
   0.61214     -1.518898
   0.56112     -1.536791
   0.51011     -1.633652
   0.45910     -1.764427
   0.40809     -1.865686
   0.35708     -1.913134
   0.30607     -1.913063
   0.25506     -2.065015
   0.20405     -2.208267
   0.15303     -2.335712
   0.10202     -2.438447
   0.05101     -2.506545
   0.00000     -2.530580
 
# Band-Index   23
   0.00000     -1.630588
   0.05101     -1.641368
   0.10202     -1.672892
   0.15303     -1.722426
   0.20405     -1.784386
   0.25506     -1.849380
   0.30607     -1.900724
   0.35708     -1.758347
   0.40809     -1.606252
   0.45910     -1.568721
   0.51011     -1.553526
   0.56112     -1.494244
   0.61214     -1.358594
   0.66315     -1.234179
   0.71416     -1.125377
   0.76517     -1.034605
   0.81618     -0.963385
   0.86719     -0.912379
   0.91820     -0.881864
   0.96922     -0.871658
   0.96922     -0.871658
   1.02521     -0.880111
   1.08120     -0.905455
   1.13719     -0.947881
   1.19319     -1.007562
   1.24918     -1.084434
   1.30517     -1.178322
   1.36117     -1.288571
   1.41716     -1.413657
   1.47315     -1.550212
   1.52914     -1.688291
   1.58514     -1.782345
   1.64113     -1.750735
   1.69712     -1.664817
   1.75312     -1.576880
   1.80911     -1.499372
   1.86510     -1.436293
   1.92109     -1.389986
   1.97709     -1.361674
   2.03308     -1.352217
   2.03308     -1.352217
   2.08409     -1.383038
   2.13510     -1.470340
   2.18611     -1.576573
   2.23713     -1.563227
   2.28814     -1.545192
   2.33915     -1.522203
   2.39016     -1.493734
   2.44117     -1.450901
   2.49218     -1.338086
   2.54319     -1.230239
   2.59420     -1.128341
   2.64522     -1.033475
   2.69623     -0.946788
   2.74724     -0.869742
   2.79825     -0.803664
   2.84926     -0.750212
   2.90027     -0.710735
   2.95128     -0.686488
   3.00230     -0.678401
   3.00230     -0.678401
   3.05829     -0.691467
   3.11428     -0.730265
   3.17027     -0.793878
   3.22627     -0.880683
   3.28226     -0.988585
   3.33825     -1.115075
   3.39425     -1.257125
   3.45024     -1.411568
   3.50623     -1.573790
   3.56222     -1.733739
   3.61822     -1.836371
   3.67421     -1.814934
   3.73020     -1.768421
   3.78620     -1.725776
   3.84219     -1.690897
   3.89818     -1.664174
   3.95417     -1.645308
   4.01017     -1.634241
   4.06616     -1.630588
   4.06616     -1.630588
   4.10223     -1.633119
   4.13830     -1.640655
   4.17437     -1.652988
   4.21044     -1.669934
   4.24651     -1.690758
   4.28258     -1.714748
   4.31865     -1.740565
   4.35472     -1.765204
   4.39079     -1.780585
   4.42686     -1.765936
   4.46294     -1.706681
   4.49901     -1.624950
   4.53508     -1.539831
   4.57115     -1.459564
   4.60722     -1.388518
   4.64329     -1.329835
   4.67936     -1.286043
   4.71543     -1.258999
   4.75150     -1.249840
   4.75150     -1.249840
   4.80749     -1.251839
   4.86348     -1.256177
   4.91948     -1.258258
   4.97547     -1.251816
   5.03146     -1.231472
   5.08746     -1.195650
   5.14345     -1.147283
   5.19944     -1.091512
   5.25543     -1.033806
   5.31143     -0.978723
   5.36742     -0.930051
   5.42341     -0.890736
   5.47941     -0.863500
   5.53540     -0.850118
   5.59139     -0.851320
   5.64738     -0.865552
   5.70338     -0.888030
   5.75937     -0.909396
   5.81536     -0.918415
   5.81536     -0.918415
   5.85143     -0.963029
   5.88750     -1.001571
   5.92357     -1.032959
   5.95965     -1.056054
   5.99572     -1.070186
   6.03179     -1.074512
   6.06786     -1.068710
   6.10393     -1.052854
   6.14000     -1.027459
   6.17607     -0.993598
   6.21214     -0.952926
   6.24821     -0.907537
   6.28428     -0.859941
   6.32035     -0.812882
   6.35642     -0.769216
   6.39249     -0.731690
   6.42856     -0.702826
   6.46463     -0.684620
   6.50070     -0.678401
 
# Band-Index   24
   6.50070     -0.129613
   6.46463     -0.132288
   6.42856     -0.140499
   6.39249     -0.154354
   6.35642     -0.174110
   6.32035     -0.199943
   6.28428     -0.231698
   6.24821     -0.269103
   6.21214     -0.311709
   6.17607     -0.358894
   6.14000     -0.410201
   6.10393     -0.464677
   6.06786     -0.521724
   6.03179     -0.580470
   5.99572     -0.640108
   5.95965     -0.699703
   5.92357     -0.758312
   5.88750     -0.814953
   5.85143     -0.868644
   5.81536     -0.918415
   5.81536     -0.918415
   5.75937     -0.909396
   5.70338     -0.888030
   5.64738     -0.865552
   5.59139     -0.851320
   5.53540     -0.850118
   5.47941     -0.863500
   5.42341     -0.890736
   5.36742     -0.930051
   5.31143     -0.978723
   5.25543     -1.033806
   5.19944     -1.091512
   5.14345     -1.147283
   5.08746     -1.195650
   5.03146     -1.231472
   4.97547     -1.251816
   4.91948     -1.258258
   4.86348     -1.256177
   4.80749     -1.251839
   4.75150     -1.249840
   4.75150     -1.249840
   4.71543     -1.258999
   4.67936     -1.286043
   4.64329     -1.329835
   4.60722     -1.388518
   4.57115     -1.459564
   4.53508     -1.539831
   4.49901     -1.624950
   4.46294     -1.706681
   4.42686     -1.765936
   4.39079     -1.780585
   4.35472     -1.765204
   4.31865     -1.740565
   4.28258     -1.714748
   4.24651     -1.690758
   4.21044     -1.669933
   4.17437     -1.652988
   4.13830     -1.640655
   4.10223     -1.633119
   4.06616     -1.630588
   4.06616     -1.630588
   4.01017     -1.634241
   3.95417     -1.645307
   3.89818     -1.664174
   3.84219     -1.637902
   3.78620     -1.427665
   3.73020     -1.228195
   3.67421     -1.042042
   3.61822     -0.871616
   3.56222     -0.719066
   3.50623     -0.585747
   3.45024     -0.472227
   3.39425     -0.378225
   3.33825     -0.302724
   3.28226     -0.243693
   3.22627     -0.199282
   3.17027     -0.167254
   3.11428     -0.145827
   3.05829     -0.133604
   3.00230     -0.129613
   3.00230     -0.129613
   2.95128     -0.134948
   2.90027     -0.150970
   2.84926     -0.177713
   2.79825     -0.214929
   2.74724     -0.262580
   2.69623     -0.320296
   2.64522     -0.387694
   2.59420     -0.464067
   2.54319     -0.548593
   2.49218     -0.640158
   2.44117     -0.737301
   2.39016     -0.838146
   2.33915     -0.940569
   2.28814     -1.041276
   2.23713     -1.136667
   2.18611     -1.221833
   2.13510     -1.290635
   2.08409     -1.336101
   2.03308     -1.352217
   2.03308     -1.352217
   1.97709     -1.361674
   1.92109     -1.389986
   1.86510     -1.436293
   1.80911     -1.499372
   1.75312     -1.576880
   1.69712     -1.664817
   1.64113     -1.750735
   1.58514     -1.782345
   1.52914     -1.688291
   1.47315     -1.550212
   1.41716     -1.413657
   1.36117     -1.288571
   1.30517     -1.178322
   1.24918     -1.084434
   1.19319     -1.007562
   1.13719     -0.947881
   1.08120     -0.905455
   1.02521     -0.880111
   0.96922     -0.871658
   0.96922     -0.871658
   0.91820     -0.874185
   0.86719     -0.882562
   0.81618     -0.899067
   0.76517     -0.926834
   0.71416     -0.969398
   0.66315     -1.029688
   0.61214     -1.109613
   0.56112     -1.209320
   0.51011     -1.327339
   0.45910     -1.460788
   0.40809     -1.581851
   0.35708     -1.593923
   0.30607     -1.603972
   0.25506     -1.612326
   0.20405     -1.619026
   0.15303     -1.624114
   0.10202     -1.627688
   0.05101     -1.629876
   0.00000     -1.630588
 
# Band-Index   25
   0.00000      3.595075
   0.05101      3.303851
   0.10202      3.215891
   0.15303      3.105382
   0.20405      2.987498
   0.25506      2.867967
   0.30607      2.753004
   0.35708      2.648128
   0.40809      2.556971
   0.45910      2.485324
   0.51011      2.436264
   0.56112      2.413744
   0.61214      2.419530
   0.66315      2.454242
   0.71416      2.518489
   0.76517      2.601634
   0.81618      2.703505
   0.86719      2.812406
   0.91820      2.908933
   0.96922      3.494333
   0.96922      2.941911
   1.02521      2.951760
   1.08120      2.980791
   1.13719      3.029245
   1.19319      3.088517
   1.24918      3.163934
   1.30517      3.263320
   1.36117      3.275298
   1.41716      3.175177
   1.47315      3.068529
   1.52914      2.958232
   1.58514      2.845367
   1.64113      2.731775
   1.69712      2.619651
   1.75312      2.512055
   1.80911      2.412843
   1.86510      2.326976
   1.92109      2.259684
   1.97709      2.216608
   2.03308      2.201715
   2.03308      2.201715
   2.08409      2.202937
   2.13510      2.205164
   2.18611      2.209119
   2.23713      2.216738
   2.28814      2.220602
   2.33915      2.227382
   2.39016      2.234225
   2.44117      2.241083
   2.49218      2.248342
   2.54319      2.252656
   2.59420      2.256409
   2.64522      2.259095
   2.69623      2.259803
   2.74724      2.258762
   2.79825      2.254547
   2.84926      2.245885
   2.90027      2.232627
   2.95128      2.217764
   3.00230      2.211181
   3.00230      2.211181
   3.05829      2.230205
   3.11428      2.284757
   3.17027      2.369201
   3.22627      2.475382
   3.28226      2.585129
   3.33825      2.655060
   3.39425      2.641138
   3.45024      2.628010
   3.50623      2.625938
   3.56222      2.637093
   3.61822      2.662676
   3.67421      2.703050
   3.73020      2.757864
   3.78620      2.826220
   3.84219      2.906755
   3.89818      2.998083
   3.95417      3.098678
   4.01017      3.206744
   4.06616      3.320828
   4.06616      3.320828
   4.10223      3.312186
   4.13830      3.287015
   4.17437      3.247229
   4.21044      3.195246
   4.24651      3.133520
   4.28258      3.064148
   4.31865      2.988952
   4.35472      2.909695
   4.39079      2.828010
   4.42686      2.745476
   4.46294      2.663780
   4.49901      2.584737
   4.53508      2.510284
   4.57115      2.442251
   4.60722      2.382771
   4.64329      2.333893
   4.67936      2.297420
   4.71543      2.274874
   4.75150      2.267244
   4.75150      2.267244
   4.80749      2.277760
   4.86348      2.308709
   4.91948      2.358241
   4.97547      2.423512
   5.03146      2.501110
   5.08746      2.587251
   5.14345      2.677890
   5.19944      2.769231
   5.25543      2.856820
   5.31143      2.935880
   5.36742      2.999981
   5.42341      3.040085
   5.47941      3.045979
   5.53540      3.017399
   5.59139      2.968445
   5.64738      2.915571
   5.70338      2.870366
   5.75937      2.840319
   5.81536      2.829844
   5.81536      2.829844
   5.85143      2.807235
   5.88750      2.779377
   5.92357      2.747698
   5.95965      2.711937
   5.99572      2.673480
   6.03179      2.632537
   6.06786      2.589564
   6.10393      2.545566
   6.14000      2.501004
   6.17607      2.456766
   6.21214      2.413411
   6.24821      2.371972
   6.28428      2.333350
   6.32035      2.298499
   6.35642      2.268329
   6.39249      2.243831
   6.42856      2.225714
   6.46463      2.214936
   6.50070      2.211181
 
# Band-Index   26
   6.50070      2.431250
   6.46463      2.446092
   6.42856      2.435222
   6.39249      2.464601
   6.35642      2.503065
   6.32035      2.548290
   6.28428      2.597339
   6.24821      2.647419
   6.21214      2.695580
   6.17607      2.739313
   6.14000      2.777834
   6.10393      2.811558
   6.06786      2.839362
   6.03179      2.867482
   5.99572      2.879474
   5.95965      2.881953
   5.92357      2.874838
   5.88750      2.867414
   5.85143      2.851678
   5.81536      2.831905
   5.81536      2.831905
   5.75937      2.840882
   5.70338      2.870431
   5.64738      2.915661
   5.59139      2.968538
   5.53540      3.017494
   5.47941      3.046364
   5.42341      3.040722
   5.36742      3.000330
   5.31143      2.935985
   5.25543      2.856840
   5.19944      2.769235
   5.14345      2.677891
   5.08746      2.587252
   5.03146      2.501110
   4.97547      2.423512
   4.91948      2.358241
   4.86348      2.308709
   4.80749      2.277761
   4.75150      2.267244
   4.75150      2.267244
   4.71543      2.274874
   4.67936      2.297421
   4.64329      2.333893
   4.60722      2.382772
   4.57115      2.442252
   4.53508      2.510285
   4.49901      2.584738
   4.46294      2.663782
   4.42686      2.745479
   4.39079      2.828014
   4.35472      2.909702
   4.31865      2.988976
   4.28258      3.064189
   4.24651      3.133538
   4.21044      3.195271
   4.17437      3.247251
   4.13830      3.287027
   4.10223      3.312189
   4.06616      3.320837
   4.06616      3.320837
   4.01017      3.439347
   3.95417      3.418447
   3.89818      3.324033
   3.84219      3.229809
   3.78620      3.141431
   3.73020      3.061048
   3.67421      2.980796
   3.61822      2.912360
   3.56222      2.849949
   3.50623      2.792838
   3.45024      2.749615
   3.39425      2.703264
   3.33825      2.662746
   3.28226      2.673589
   3.22627      2.517012
   3.17027      2.473044
   3.11428      2.438772
   3.05829      2.445657
   3.00230      2.431250
   3.00230      2.431250
   2.95128      2.455695
   2.90027      2.470507
   2.84926      2.527928
   2.79825      2.623103
   2.74724      2.710344
   2.69623      2.770509
   2.64522      2.847729
   2.59420      2.863894
   2.54319      2.866660
   2.49218      2.866824
   2.44117      2.812341
   2.39016      2.749323
   2.33915      2.668601
   2.28814      2.572893
   2.23713      2.474034
   2.18611      2.368632
   2.13510      2.282039
   2.08409      2.223074
   2.03308      2.201721
   2.03308      2.201721
   1.97709      2.216608
   1.92109      2.259685
   1.86510      2.326976
   1.80911      2.412843
   1.75312      2.512056
   1.69712      2.619651
   1.64113      2.731775
   1.58514      2.845367
   1.52914      2.958232
   1.47315      3.068529
   1.41716      3.175177
   1.36117      3.275418
   1.30517      3.263320
   1.24918      3.166815
   1.19319      3.088570
   1.13719      3.029245
   1.08120      2.985722
   1.02521      2.953513
   0.96922      2.941947
   0.96922      3.494333
   0.91820      2.944376
   0.86719      3.483070
   0.81618      2.973492
   0.76517      2.978145
   0.71416      3.450490
   0.66315      3.021787
   0.61214      3.056341
   0.56112      3.088271
   0.51011      3.107210
   0.45910      3.529775
   0.40809      3.170911
   0.35708      3.607672
   0.30607      3.229994
   0.25506      3.259632
   0.20405      3.277571
   0.15303      3.299445
   0.10202      3.493176
   0.05101      3.347976
   0.00000      3.595075
 
# Band-Index   27
   0.00000      3.933934
   0.05101      3.595263
   0.10202      3.596276
   0.15303      3.596838
   0.20405      3.598511
   0.25506      3.600659
   0.30607      3.603725
   0.35708      3.619128
   0.40809      3.574418
   0.45910      3.618684
   0.51011      3.496180
   0.56112      3.571081
   0.61214      3.524229
   0.66315      3.471526
   0.71416      3.651537
   0.76517      3.468041
   0.81618      3.614179
   0.86719      3.665339
   0.91820      3.491891
   0.96922      3.667782
   0.96922      3.494334
   1.02521      3.526662
   1.08120      3.541074
   1.13719      3.575130
   1.19319      3.426405
   1.24918      3.404855
   1.30517      3.368066
   1.36117      3.301669
   1.41716      3.273578
   1.47315      3.199471
   1.52914      3.147449
   1.58514      3.098079
   1.64113      3.049376
   1.69712      3.005742
   1.75312      2.967455
   1.80911      2.935866
   1.86510      2.911074
   1.92109      2.893180
   1.97709      2.882557
   2.03308      2.878909
   2.03308      2.878909
   2.08409      2.878951
   2.13510      2.878356
   2.18611      2.877551
   2.23713      2.877113
   2.28814      2.875248
   2.33915      2.873770
   2.39016      2.872024
   2.44117      2.870394
   2.49218      2.963611
   2.54319      2.954856
   2.59420      2.917788
   2.64522      2.876302
   2.69623      2.862022
   2.74724      2.865861
   2.79825      2.867298
   2.84926      2.860488
   2.90027      2.818109
   2.95128      2.788889
   3.00230      2.778993
   3.00230      2.778993
   3.05829      2.774529
   3.11428      2.761394
   3.17027      2.741149
   3.22627      2.715914
   3.28226      2.689700
   3.33825      2.780781
   3.39425      2.913613
   3.45024      3.058434
   3.50623      3.164202
   3.56222      3.290115
   3.61822      3.408695
   3.67421      3.513651
   3.73020      3.587662
   3.78620      3.665831
   3.84219      3.806128
   3.89818      3.683471
   3.95417      3.560771
   4.01017      3.511625
   4.06616      3.599433
   4.06616      3.599433
   4.10223      3.603227
   4.13830      3.602591
   4.17437      3.603249
   4.21044      3.604088
   4.24651      3.605301
   4.28258      3.607654
   4.31865      3.610068
   4.35472      3.612831
   4.39079      3.616395
   4.42686      3.619973
   4.46294      3.623437
   4.49901      3.626652
   4.53508      3.629866
   4.57115      3.632450
   4.60722      3.634685
   4.64329      3.636806
   4.67936      3.638157
   4.71543      3.638869
   4.75150      3.639177
   4.75150      3.639177
   4.80749      3.640846
   4.86348      3.645262
   4.91948      3.650929
   4.97547      3.656102
   5.03146      3.654178
   5.08746      3.646042
   5.14345      3.627264
   5.19944      3.596992
   5.25543      3.555857
   5.31143      3.506794
   5.36742      3.455310
   5.42341      3.410573
   5.47941      3.384022
   5.53540      3.378910
   5.59139      3.385718
   5.64738      3.394698
   5.70338      3.401438
   5.75937      3.405225
   5.81536      3.406352
   5.81536      3.406352
   5.85143      3.402703
   5.88750      3.389725
   5.92357      3.369752
   5.95965      3.339638
   5.99572      3.304810
   6.03179      3.264258
   6.06786      3.211889
   6.10393      3.166380
   6.14000      3.122284
   6.17607      3.081493
   6.21214      3.042541
   6.24821      2.995697
   6.28428      2.942569
   6.32035      2.895371
   6.35642      2.855081
   6.39249      2.822549
   6.42856      2.798603
   6.46463      2.783974
   6.50070      2.778993
 
# Band-Index   28
   6.50070      2.857061
   6.46463      2.860811
   6.42856      2.871924
   6.39249      2.889699
   6.35642      2.912899
   6.32035      2.940949
   6.28428      2.972084
   6.24821      3.006293
   6.21214      3.054562
   6.17607      3.117457
   6.14000      3.184043
   6.10393      3.252904
   6.06786      3.317950
   6.03179      3.395937
   5.99572      3.466406
   5.95965      3.527924
   5.92357      3.561991
   5.88750      3.557217
   5.85143      3.506820
   5.81536      3.454270
   5.81536      3.454270
   5.75937      3.411259
   5.70338      3.401695
   5.64738      3.394866
   5.59139      3.385924
   5.53540      3.379187
   5.47941      3.387535
   5.42341      3.427928
   5.36742      3.492265
   5.31143      3.553604
   5.25543      3.595694
   5.19944      3.627907
   5.14345      3.645644
   5.08746      3.750333
   5.03146      3.693344
   4.97547      3.659762
   4.91948      4.006394
   4.86348      4.108582
   4.80749      4.132105
   4.75150      4.038311
   4.75150      4.038311
   4.71543      3.894837
   4.67936      3.836949
   4.64329      3.767660
   4.60722      3.636507
   4.57115      3.634321
   4.53508      3.631836
   4.49901      3.628243
   4.46294      3.625623
   4.42686      3.622134
   4.39079      3.618521
   4.35472      3.614909
   4.31865      3.613139
   4.28258      3.610883
   4.24651      3.617271
   4.21044      3.874357
   4.17437      3.914551
   4.13830      3.946006
   4.10223      3.937422
   4.06616      3.622786
   4.06616      3.622786
   4.01017      3.667721
   3.95417      3.715313
   3.89818      3.852095
   3.84219      3.817354
   3.78620      3.759277
   3.73020      3.687482
   3.67421      3.607109
   3.61822      3.520565
   3.56222      3.430548
   3.50623      3.339910
   3.45024      3.251414
   3.39425      3.167511
   3.33825      3.090544
   3.28226      3.022314
   3.22627      2.964452
   3.17027      2.918201
   3.11428      2.884507
   3.05829      2.863904
   3.00230      2.857061
   3.00230      2.857061
   2.95128      2.864879
   2.90027      2.872541
   2.84926      2.865580
   2.79825      2.929714
   2.74724      3.008118
   2.69623      3.098282
   2.64522      3.197746
   2.59420      3.303645
   2.54319      3.412806
   2.49218      3.517135
   2.44117      3.377284
   2.39016      3.318732
   2.33915      3.241914
   2.28814      3.155530
   2.23713      3.069801
   2.18611      2.992104
   2.13510      2.931304
   2.08409      2.892436
   2.03308      2.878922
   2.03308      2.878922
   1.97709      2.882557
   1.92109      2.893191
   1.86510      2.911074
   1.80911      2.935906
   1.75312      2.968506
   1.69712      3.005743
   1.64113      3.049746
   1.58514      3.100167
   1.52914      3.147926
   1.47315      3.199472
   1.41716      3.273578
   1.36117      3.321833
   1.30517      3.368066
   1.24918      3.449373
   1.19319      3.490492
   1.13719      3.575132
   1.08120      3.616063
   1.02521      3.626229
   0.96922      3.494573
   0.96922      3.667782
   0.91820      3.664036
   0.86719      3.667274
   0.81618      3.662438
   0.76517      3.658210
   0.71416      3.656280
   0.66315      3.647637
   0.61214      3.645908
   0.56112      3.643592
   0.51011      3.629054
   0.45910      3.644594
   0.40809      3.612878
   0.35708      3.640331
   0.30607      3.621847
   0.25506      3.615572
   0.20405      3.610037
   0.15303      3.603672
   0.10202      3.600258
   0.05101      3.596099
   0.00000      3.933934
