#K-Path     Band-1    Band-2    Band-3    Band-4      ...     Band-n
  0.0000  -58.0351  -58.0351  -34.5543  -34.5543  -34.2074  -34.2074  -34.1918  -34.1918  -17.0344  -17.0344  -17.0257  -17.0257   -4.7322   -4.7322   -3.9613   -3.9613   -3.8906   -3.8906   -3.0232   -3.0232   -2.5306   -2.5306   -1.6306   -1.6306    3.5951    3.5951    3.9339    3.9339
  0.0510  -58.0351  -58.0351  -34.5545  -34.5543  -34.2074  -34.2071  -34.1918  -34.1918  -17.0833  -17.0350  -17.0249  -16.9763   -4.7404   -4.7275   -4.0828   -3.9685   -3.9082   -3.7526   -3.0235   -3.0212   -2.5233   -2.5065   -1.6414   -1.6299    3.3039    3.3480    3.5953    3.5961
  0.1020  -58.0351  -58.0351  -34.5552  -34.5544  -34.2074  -34.2063  -34.1918  -34.1917  -17.1343  -17.0370  -17.0224  -16.9238   -4.7667   -4.7138   -4.2105   -3.9897   -3.9570   -3.5743   -3.0241   -3.0153   -2.5018   -2.4384   -1.6729   -1.6277    3.2159    3.4932    3.5963    3.6003
  0.1530  -58.0352  -58.0352  -34.5564  -34.5545  -34.2075  -34.2052  -34.1919  -34.1916  -17.1823  -17.0403  -17.0184  -16.8736   -4.8137   -4.6918   -4.3098   -4.0286   -4.0234   -3.3904   -3.0248   -3.0063   -2.4670   -2.3357   -1.7224   -1.6241    3.1054    3.2994    3.5968    3.6037
  0.2040  -58.0352  -58.0352  -34.5578  -34.5547  -34.2076  -34.2037  -34.1919  -34.1914  -17.2258  -17.0448  -17.0129  -16.8271   -4.8803   -4.6623   -4.3782   -4.1137   -4.0667   -3.2086   -3.0251   -2.9953   -2.4197   -2.2083   -1.7844   -1.6190    2.9875    3.2776    3.5985    3.6100
  0.2551  -58.0352  -58.0352  -34.5592  -34.5548  -34.2077  -34.2021  -34.1920  -34.1913  -17.2639  -17.0503  -17.0060  -16.7856   -4.9592   -4.6276   -4.4212   -4.2051   -4.1161   -3.0396   -3.0250   -2.9833   -2.3609   -2.0650   -1.8494   -1.6123    2.8680    3.2596    3.6007    3.6156
  0.3061  -58.0352  -58.0352  -34.5607  -34.5550  -34.2078  -34.2007  -34.1921  -34.1912  -17.2956  -17.0567  -16.9981  -16.7503   -5.0405   -4.5917   -4.4473   -4.2978   -4.1659   -3.0242   -2.9714   -2.9002   -2.2924   -1.9131   -1.9007   -1.6040    2.7530    3.2300    3.6037    3.6218
  0.3571  -58.0352  -58.0352  -34.5619  -34.5551  -34.2080  -34.1994  -34.1922  -34.1911  -17.3201  -17.0638  -16.9892  -16.7222   -5.1166   -4.5622   -4.4639   -4.3884   -4.2074   -3.0227   -2.9605   -2.8156   -2.2156   -1.9131   -1.7583   -1.5939    2.6481    3.6077    3.6191    3.6403
  0.4081  -58.0352  -58.0352  -34.5627  -34.5552  -34.2082  -34.1986  -34.1923  -34.1911  -17.3370  -17.0714  -16.9797  -16.7022   -5.1823   -4.5513   -4.4757   -4.4748   -4.2268   -3.0205   -2.9514   -2.8062   -2.1323   -1.8657   -1.6063   -1.5819    2.5570    3.1709    3.5744    3.6129
  0.4591  -58.0353  -58.0353  -34.5632  -34.5552  -34.2083  -34.1982  -34.1925  -34.1911  -17.3458  -17.0793  -16.9697  -16.6906   -5.2349   -4.5692   -4.5555   -4.4861   -4.2136   -3.0177   -2.9446   -2.8654   -2.0445   -1.7644   -1.5687   -1.4608    2.4853    3.5298    3.6187    3.6446
  0.5101  -58.0353  -58.0353  -34.5631  -34.5551  -34.2085  -34.1984  -34.1926  -34.1912  -17.3465  -17.0873  -16.9596  -16.6879   -5.2725   -4.6297   -4.6106   -4.4974   -4.1720   -3.0145   -2.9677   -2.9405   -1.9544   -1.6337   -1.5535   -1.3273    2.4363    3.1072    3.4962    3.6291
  0.5611  -58.0353  -58.0353  -34.5626  -34.5550  -34.2087  -34.1991  -34.1927  -34.1914  -17.3391  -17.0952  -16.9497  -16.6939   -5.2944   -4.6966   -4.6636   -4.5119   -4.1143   -3.0910   -3.0109   -2.9395   -1.8640   -1.5368   -1.4942   -1.2093    2.4137    3.0883    3.5711    3.6436
  0.6121  -58.0353  -58.0352  -34.5616  -34.5548  -34.2088  -34.2002  -34.1928  -34.1917  -17.3240  -17.1027  -16.9402  -16.7082   -5.2998   -4.7559   -4.7194   -4.5320   -4.0491   -3.2206   -3.0071   -2.9415   -1.7761   -1.5189   -1.3586   -1.1096    2.4195    3.0563    3.5242    3.6459
  0.6631  -58.0352  -58.0352  -34.5603  -34.5546  -34.2090  -34.2017  -34.1929  -34.1920  -17.3018  -17.1097  -16.9313  -16.7302   -5.2891   -4.8075   -4.7732   -4.5600   -3.9821   -3.3467   -3.0035   -2.9466   -1.6931   -1.5004   -1.2342   -1.0297    2.4542    3.0218    3.4715    3.6476
  0.7142  -58.0353  -58.0353  -34.5588  -34.5544  -34.2091  -34.2035  -34.1930  -34.1923  -17.2735  -17.1159  -16.9234  -16.7589   -5.2630   -4.8512   -4.8220   -4.5983   -3.9174   -3.4616   -3.0000   -2.9544   -1.6177   -1.4819   -1.1254   -0.9694    2.5185    3.4505    3.6515    3.6563
  0.7652  -58.0353  -58.0353  -34.5572  -34.5541  -34.2092  -34.2053  -34.1931  -34.1926  -17.2405  -17.1212  -16.9165  -16.7925   -5.2220   -4.8870   -4.8638   -4.6484   -3.8581   -3.5596   -2.9971   -2.9638   -1.5519   -1.4642   -1.0346   -0.9268    2.6016    2.9781    3.4680    3.6582
  0.8162  -58.0353  -58.0353  -34.5557  -34.5539  -34.2093  -34.2069  -34.1932  -34.1929  -17.2048  -17.1255  -16.9111  -16.8289   -5.1677   -4.9147   -4.8976   -4.7109   -3.8074   -3.6370   -2.9945   -2.9737   -1.4982   -1.4487   -0.9634   -0.8991    2.7035    2.9735    3.6142    3.6624
  0.8672  -58.0353  -58.0353  -34.5546  -34.5537  -34.2094  -34.2083  -34.1932  -34.1931  -17.1700  -17.1287  -16.9070  -16.8643   -5.1019   -4.9345   -4.9222   -4.7838   -3.7684   -3.6920   -2.9927   -2.9826   -1.4582   -1.4364   -0.9124   -0.8826    2.8124    3.4831    3.6653    3.6673
  0.9182  -58.0354  -58.0354  -34.5538  -34.5536  -34.2094  -34.2091  -34.1933  -34.1932  -17.1424  -17.1306  -16.9046  -16.8924   -5.0271   -4.9464   -4.9374   -4.8638   -3.7437   -3.7246   -2.9915   -2.9889   -1.4339   -1.4284   -0.8819   -0.8742    2.9089    2.9444    3.4919    3.6640
  0.9692  -58.0354  -58.0354  -34.5535  -34.5535  -34.2095  -34.2095  -34.1933  -34.1933  -17.1312  -17.1312  -16.9037  -16.9037   -4.9503   -4.9503   -4.9426   -4.9426   -3.7353   -3.7353   -2.9911   -2.9911   -1.4257   -1.4257   -0.8717   -0.8717    3.4943    3.4943    3.6678    3.6678
  0.9692  -58.0354  -58.0354  -34.5535  -34.5535  -34.2095  -34.2095  -34.1933  -34.1933  -17.1312  -17.1312  -16.9037  -16.9037   -4.9503   -4.9503   -4.9426   -4.9426   -3.7353   -3.7353   -2.9911   -2.9911   -1.4257   -1.4257   -0.8717   -0.8717    2.9419    2.9419    3.4943    3.4946
  1.0252  -58.0357  -58.0357  -34.5507  -34.5507  -34.2123  -34.2123  -34.1914  -34.1914  -17.1284  -17.1284  -16.9101  -16.9101   -4.9524   -4.9524   -4.9396   -4.9396   -3.7337   -3.7337   -2.9777   -2.9777   -1.4329   -1.4329   -0.8801   -0.8801    2.9518    2.9535    3.5267    3.6262
  1.0812  -58.0364  -58.0364  -34.5423  -34.5423  -34.2186  -34.2186  -34.1877  -34.1877  -17.1199  -17.1199  -16.9289  -16.9289   -4.9578   -4.9578   -4.9318   -4.9318   -3.7273   -3.7273   -2.9384   -2.9384   -1.4539   -1.4539   -0.9055   -0.9055    2.9808    2.9857    3.5411    3.6161
  1.1372  -58.0377  -58.0377  -34.5286  -34.5286  -34.2266  -34.2266  -34.1840  -34.1840  -17.1061  -17.1061  -16.9597  -16.9597   -4.9649   -4.9649   -4.9242   -4.9242   -3.7115   -3.7115   -2.8753   -2.8753   -1.4878   -1.4878   -0.9479   -0.9479    3.0292    3.0292    3.5751    3.5751
  1.1932  -58.0394  -58.0394  -34.5099  -34.5099  -34.2357  -34.2357  -34.1809  -34.1809  -17.0873  -17.0873  -17.0014  -17.0014   -4.9712   -4.9712   -4.9230   -4.9230   -3.6792   -3.6792   -2.7916   -2.7916   -1.5330   -1.5330   -1.0076   -1.0076    3.0885    3.0886    3.4264    3.4905
  1.2492  -58.0416  -58.0416  -34.4866  -34.4866  -34.2455  -34.2455  -34.1785  -34.1785  -17.0640  -17.0640  -17.0528  -17.0528   -4.9738   -4.9738   -4.9348   -4.9348   -3.6232   -3.6232   -2.6913   -2.6913   -1.5873   -1.5873   -1.0844   -1.0844    3.1639    3.1668    3.4049    3.4494
  1.3052  -58.0442  -58.0442  -34.4593  -34.4593  -34.2558  -34.2558  -34.1767  -34.1767  -17.1123  -17.1123  -17.0369  -17.0369   -4.9700   -4.9700   -4.9643   -4.9643   -3.5379   -3.5379   -2.5781   -2.5781   -1.6487   -1.6487   -1.1783   -1.1783    3.2633    3.2633    3.3681    3.3681
  1.3612  -58.0471  -58.0471  -34.4288  -34.4288  -34.2665  -34.2665  -34.1756  -34.1756  -17.1781  -17.1781  -17.0067  -17.0067   -5.0125   -5.0125   -4.9573   -4.9573   -3.4222   -3.4222   -2.4564   -2.4564   -1.7146   -1.7146   -1.2886   -1.2886    3.2753    3.2754    3.3017    3.3218
  1.4172  -58.0502  -58.0502  -34.3959  -34.3959  -34.2773  -34.2773  -34.1750  -34.1750  -17.2485  -17.2485  -16.9743  -16.9743   -5.0771   -5.0771   -4.9337   -4.9337   -3.2782   -3.2782   -2.3308   -2.3308   -1.7830   -1.7830   -1.4137   -1.4137    3.1752    3.1752    3.2736    3.2736
  1.4732  -58.0534  -58.0534  -34.3613  -34.3613  -34.2880  -34.2880  -34.1748  -34.1748  -17.3213  -17.3213  -16.9405  -16.9405   -5.1539   -5.1539   -4.8976   -4.8976   -3.1103   -3.1103   -2.2069   -2.2069   -1.8518   -1.8518   -1.5502   -1.5502    3.0685    3.0685    3.1995    3.1995
  1.5291  -58.0566  -58.0566  -34.3261  -34.3261  -34.2986  -34.2986  -34.1751  -34.1751  -17.3947  -17.3947  -16.9064  -16.9064   -5.2379   -5.2379   -4.8481   -4.8481   -2.9243   -2.9243   -2.0968   -2.0968   -1.9190   -1.9190   -1.6883   -1.6883    2.9582    2.9582    3.1474    3.1479
  1.5851  -58.0598  -58.0598  -34.3086  -34.3086  -34.2912  -34.2912  -34.1756  -34.1756  -17.4666  -17.4666  -16.8727  -16.8727   -5.3245   -5.3245   -4.7844   -4.7844   -2.7266   -2.7266   -2.0467   -2.0467   -1.9831   -1.9831   -1.7823   -1.7823    2.8454    2.8454    3.0981    3.1002
  1.6411  -58.0628  -58.0628  -34.3181  -34.3181  -34.2575  -34.2575  -34.1763  -34.1763  -17.5350  -17.5350  -16.8404  -16.8404   -5.4097   -5.4097   -4.7065   -4.7065   -2.5235   -2.5235   -2.1386   -2.1386   -2.0427   -2.0427   -1.7507   -1.7507    2.7318    2.7318    3.0494    3.0497
  1.6971  -58.0657  -58.0657  -34.3267  -34.3267  -34.2260  -34.2260  -34.1771  -34.1771  -17.5984  -17.5984  -16.8105  -16.8105   -5.4900   -5.4900   -4.6153   -4.6153   -2.3222   -2.3222   -2.3011   -2.3011   -2.0966   -2.0966   -1.6648   -1.6648    2.6197    2.6197    3.0057    3.0057
  1.7531  -58.0682  -58.0682  -34.3343  -34.3343  -34.1976  -34.1976  -34.1779  -34.1779  -17.6550  -17.6550  -16.7837  -16.7837   -5.5624   -5.5624   -4.5122   -4.5122   -2.4795   -2.4795   -2.1438   -2.1438   -2.1300   -2.1300   -1.5769   -1.5769    2.5121    2.5121    2.9675    2.9685
  1.8091  -58.0703  -58.0703  -34.3407  -34.3407  -34.1787  -34.1787  -34.1732  -34.1732  -17.7034  -17.7034  -16.7607  -16.7607   -5.6247   -5.6247   -4.4002   -4.4002   -2.6594   -2.6594   -2.1834   -2.1834   -1.9549   -1.9549   -1.4994   -1.4994    2.4128    2.4128    2.9359    2.9359
  1.8651  -58.0721  -58.0721  -34.3459  -34.3459  -34.1794  -34.1794  -34.1533  -34.1533  -17.7424  -17.7424  -16.7421  -16.7421   -5.6749   -5.6749   -4.2846   -4.2846   -2.8308   -2.8308   -2.2149   -2.2149   -1.8055   -1.8055   -1.4363   -1.4363    2.3270    2.3270    2.9111    2.9111
  1.9211  -58.0734  -58.0734  -34.3497  -34.3497  -34.1799  -34.1799  -34.1388  -34.1388  -17.7710  -17.7710  -16.7285  -16.7285   -5.7119   -5.7119   -4.1758   -4.1758   -2.9812   -2.9812   -2.2378   -2.2378   -1.6909   -1.6909   -1.3900   -1.3900    2.2597    2.2597    2.8932    2.8932
  1.9771  -58.0742  -58.0742  -34.3519  -34.3519  -34.1803  -34.1803  -34.1298  -34.1298  -17.7883  -17.7883  -16.7202  -16.7202   -5.7344   -5.7344   -4.0917   -4.0917   -3.0907   -3.0907   -2.2516   -2.2516   -1.6181   -1.6181   -1.3617   -1.3617    2.2166    2.2166    2.8826    2.8826
  2.0331  -58.0745  -58.0745  -34.3527  -34.3527  -34.1804  -34.1804  -34.1268  -34.1268  -17.7942  -17.7942  -16.7174  -16.7174   -5.7422   -5.7422   -4.0587   -4.0587   -3.1325   -3.1325   -2.2563   -2.2563   -1.5932   -1.5932   -1.3522   -1.3522    2.2017    2.2017    2.8789    2.8789
  2.0331  -58.0745  -58.0745  -34.3527  -34.3527  -34.1804  -34.1804  -34.1268  -34.1268  -17.7942  -17.7942  -16.7174  -16.7174   -5.7422   -5.7422   -4.0587   -4.0587   -3.1325   -3.1325   -2.2563   -2.2563   -1.5932   -1.5932   -1.3522   -1.3522    2.2017    2.2017    2.8789    2.8789
  2.0841  -58.0745  -58.0744  -34.3526  -34.3517  -34.1814  -34.1804  -34.1269  -34.1267  -17.7986  -17.7886  -16.7201  -16.7165   -5.7421   -5.7283   -4.0581   -4.0562   -3.1657   -3.1287   -2.2668   -2.2271   -1.6026   -1.5913   -1.3830   -1.3361    2.2029    2.2231    2.8790    2.8924
  2.1351  -58.0747  -58.0742  -34.3524  -34.3487  -34.1844  -34.1806  -34.1273  -34.1264  -17.8119  -17.7722  -16.7280  -16.7138   -5.7425   -5.6880   -4.0567   -4.0492   -3.2548   -3.1191   -2.2961   -2.1508   -1.6303   -1.5858   -1.4703   -1.2906    2.2052    2.2820    2.8784    2.9313
  2.1861  -58.0750  -58.0740  -34.3520  -34.3438  -34.1893  -34.1808  -34.1278  -34.1258  -17.8339  -17.7452  -16.7403  -16.7094   -5.7432   -5.6230   -4.0543   -4.0380   -3.3789   -3.1057   -2.3388   -2.0473   -1.6739   -1.5994   -1.5766   -1.2218    2.2091    2.3686    2.8776    2.9921
  2.2371  -58.0753  -58.0736  -34.3515  -34.3372  -34.1959  -34.1812  -34.1285  -34.1251  -17.8642  -17.7086  -16.7557  -16.7034   -5.7442   -5.5369   -4.0511   -4.0236   -3.5218   -3.0946   -2.3893   -1.9308   -1.7491   -1.7300   -1.5632   -1.1367    2.2167    2.4740    2.8771    3.0698
  2.2881  -58.0758  -58.0732  -34.3508  -34.3292  -34.2040  -34.1816  -34.1295  -34.1242  -17.9023  -17.6637  -16.7728  -16.6960   -5.7458   -5.4348   -4.0471   -4.0070   -3.6743   -3.0952   -2.4431   -1.8944   -1.8096   -1.7949   -1.5452   -1.0413    2.2206    2.5729    2.8752    3.1555
  2.3391  -58.0764  -58.0727  -34.3501  -34.3200  -34.2131  -34.1820  -34.1305  -34.1232  -17.9474  -17.6118  -16.7897  -16.6872   -5.7480   -5.3244   -4.0424   -3.9895   -3.8301   -3.1196   -2.4972   -2.0066   -1.8642   -1.6878   -1.5222   -0.9406    2.2274    2.6686    2.8738    3.2419
  2.3902  -58.0771  -58.0721  -34.3492  -34.3102  -34.2227  -34.1826  -34.1317  -34.1220  -17.9985  -17.5553  -16.8043  -16.6775   -5.7511   -5.2158   -4.0372   -3.9852   -3.9727   -3.1744   -2.5494   -2.0628   -1.9340   -1.5679   -1.4937   -0.8381    2.2342    2.7493    2.8720    3.3187
  2.4412  -58.0777  -58.0714  -34.3483  -34.3008  -34.2320  -34.1831  -34.1330  -34.1207  -18.0541  -17.4967  -16.8148  -16.6669   -5.7556   -5.1227   -4.1368   -4.0316   -3.9579   -3.2497   -2.5988   -2.0557   -2.0010   -1.4595   -1.4509   -0.7373    2.2411    2.8123    2.8704    3.3773
  2.4922  -58.0785  -58.0708  -34.3473  -34.2934  -34.2391  -34.1837  -34.1343  -34.1194  -18.1129  -17.4391  -16.8188  -16.6558   -5.7621   -5.0612   -4.2824   -4.0257   -3.9467   -3.3190   -2.6444   -2.0626   -1.9940   -1.4190   -1.3381   -0.6402    2.2483    2.8668    2.9636    3.5171
  2.5432  -58.0791  -58.0701  -34.3464  -34.2907  -34.2414  -34.1844  -34.1357  -34.1181  -18.1729  -17.3860  -16.8141  -16.6445   -5.7714   -5.0445   -4.4199   -4.0197   -3.9397   -3.3549   -2.6858   -2.1168   -1.8908   -1.3724   -1.2302   -0.5486    2.2527    2.8667    2.9549    3.4128
  2.5942  -58.0798  -58.0694  -34.3454  -34.2942  -34.2375  -34.1849  -34.1370  -34.1168  -18.2325  -17.3406  -16.7994  -16.6332   -5.7847   -5.0758   -4.5474   -4.0139   -3.9374   -3.3444   -2.7228   -2.1626   -1.7570   -1.3203   -1.1283   -0.4641    2.2564    2.8639    2.9178    3.3036
  2.6452  -58.0804  -58.0688  -34.3445  -34.3015  -34.2297  -34.1855  -34.1383  -34.1155  -18.2899  -17.3051  -16.7744  -16.6224   -5.8039   -5.1436   -4.6638   -4.0082   -3.9396   -3.2924   -2.7554   -2.2001   -1.6009   -1.2636   -1.0335   -0.3877    2.2591    2.8477    2.8763    3.1977
  2.6962  -58.0809  -58.0682  -34.3436  -34.3101  -34.2206  -34.1860  -34.1395  -34.1144  -18.3434  -17.2796  -16.7411  -16.6122   -5.8307   -5.2280   -4.7672   -4.0028   -3.9454   -3.2138   -2.7834   -2.2294   -1.4301   -1.2041   -0.9468   -0.3203    2.2598    2.7705    2.8620    3.0983
  2.7472  -58.0814  -58.0678  -34.3429  -34.3186  -34.2116  -34.1865  -34.1406  -34.1133  -18.3914  -17.2628  -16.7031  -16.6030   -5.8667   -5.3105   -4.8567   -3.9981   -3.9538   -3.1250   -2.8069   -2.2517   -1.2530   -1.1443   -0.8697   -0.2626    2.2588    2.7103    2.8659    3.0081
  2.7983  -58.0819  -58.0673  -34.3422  -34.3262  -34.2035  -34.1869  -34.1415  -34.1124  -18.4326  -17.2526  -16.6648  -16.5952   -5.9101   -5.3787   -4.9315   -3.9941   -3.9632   -3.0390   -2.8260   -2.2681   -1.0876   -1.0794   -0.8037   -0.2149    2.2545    2.6231    2.8673    2.9297
  2.8493  -58.0823  -58.0670  -34.3417  -34.3325  -34.1968  -34.1873  -34.1422  -34.1117  -18.4660  -17.2468  -16.6304  -16.5888   -5.9562   -5.4283   -4.9905   -3.9908   -3.9724   -2.9645   -2.8408   -2.2796   -1.0377   -0.9214   -0.7502   -0.1777    2.2459    2.5279    2.8605    2.8656
  2.9003  -58.0826  -58.0667  -34.3413  -34.3372  -34.1918  -34.1875  -34.1428  -34.1111  -18.4904  -17.2437  -16.6033  -16.5840   -5.9967   -5.4602   -5.0330   -3.9884   -3.9799   -2.9075   -2.8514   -2.2873   -0.9984   -0.7928   -0.7107   -0.1510    2.2326    2.4705    2.8181    2.8725
  2.9513  -58.0827  -58.0665  -34.3411  -34.3400  -34.1887  -34.1876  -34.1431  -34.1108  -18.5053  -17.2422  -16.5861  -16.5811   -6.0242   -5.4776   -5.0588   -3.9870   -3.9847   -2.8719   -2.8577   -2.2915   -0.9732   -0.7081   -0.6865   -0.1349    2.2178    2.4557    2.7889    2.8649
  3.0023  -58.0828  -58.0665  -34.3410  -34.3410  -34.1877  -34.1877  -34.1432  -34.1107  -18.5104  -17.2418  -16.5802  -16.5802   -6.0341   -5.4831   -5.0674   -3.9864   -3.9864   -2.8598   -2.8598   -2.2930   -0.9645   -0.6784   -0.6784   -0.1296    2.2112    2.4313    2.7790    2.8571
  3.0023  -58.0828  -58.0665  -34.3410  -34.3410  -34.1877  -34.1877  -34.1432  -34.1107  -18.5104  -17.2418  -16.5802  -16.5802   -6.0341   -5.4831   -5.0674   -3.9864   -3.9864   -2.8598   -2.8598   -2.2930   -0.9645   -0.6784   -0.6784   -0.1296    2.2112    2.4313    2.7790    2.8571
  3.0583  -58.0826  -58.0663  -34.3403  -34.3403  -34.1876  -34.1876  -34.1462  -34.1138  -18.5031  -17.2379  -16.5833  -16.5833   -6.0243   -5.4760   -5.0595   -3.9993   -3.9993   -2.8404   -2.8404   -2.3153   -0.9956   -0.6915   -0.6915   -0.1336    2.2302    2.4457    2.7745    2.8639
  3.1143  -58.0818  -58.0654  -34.3381  -34.3381  -34.1872  -34.1872  -34.1549  -34.1230  -18.4813  -17.2261  -16.5925  -16.5925   -5.9950   -5.4550   -5.0356   -4.0345   -4.0345   -2.7859   -2.7859   -2.3811   -1.0857   -0.7303   -0.7303   -0.1458    2.2848    2.4388    2.7614    2.8845
  3.1703  -58.0803  -58.0643  -34.3345  -34.3345  -34.1865  -34.1865  -34.1691  -34.1380  -18.4453  -17.2069  -16.6076  -16.6076   -5.9469   -5.4203   -4.9959   -4.0839   -4.0839   -2.7047   -2.7047   -2.4858   -1.2266   -0.7939   -0.7939   -0.1673    2.3692    2.4730    2.7411    2.9182
  3.2263  -58.0784  -58.0626  -34.3295  -34.3295  -34.1885  -34.1857  -34.1857  -34.1583  -18.3958  -17.1812  -16.6282  -16.6282   -5.8806   -5.3731   -4.9405   -4.1390   -4.1390   -2.6230   -2.6064   -2.6064   -1.4073   -0.8807   -0.8807   -0.1993    2.4754    2.5170    2.7159    2.9645
  3.2823  -58.0758  -58.0607  -34.3233  -34.3233  -34.2123  -34.1846  -34.1846  -34.1835  -18.3337  -17.1500  -16.6537  -16.6537   -5.7975   -5.3145   -4.8696   -4.1927   -4.1927   -2.7854   -2.4989   -2.4989   -1.6175   -0.9886   -0.9886   -0.2437    2.5851    2.6736    2.6897    3.0223
  3.3383  -58.0730  -58.0584  -34.3161  -34.3161  -34.2400  -34.2126  -34.1835  -34.1835  -18.2602  -17.1145  -16.6834  -16.6834   -5.6993   -5.2463   -4.7835   -4.2402   -4.2402   -2.9652   -2.3886   -2.3886   -1.8471   -1.1151   -1.1151   -0.3027    2.6551    2.6627    2.7808    3.0905
  3.3942  -58.0698  -58.0559  -34.3079  -34.3079  -34.2707  -34.2450  -34.1824  -34.1824  -18.1765  -17.0764  -16.7164  -16.7164   -5.5878   -5.1704   -4.6823   -4.2778   -4.2778   -3.1550   -2.2805   -2.2805   -2.0875   -1.2571   -1.2571   -0.3782    2.6411    2.7033    2.9136    3.1675
  3.4502  -58.0663  -58.0532  -34.3035  -34.2989  -34.2989  -34.2796  -34.1813  -34.1813  -18.0842  -17.0372  -16.7519  -16.7519   -5.4657   -5.0894   -4.5667   -4.3032   -4.3032   -3.3475   -2.3315   -2.1784   -2.1784   -1.4116   -1.4116   -0.4722    2.6280    2.7496    3.0584    3.2514
  3.5062  -58.0627  -58.0505  -34.3375  -34.3156  -34.2893  -34.2893  -34.1803  -34.1803  -17.9850  -16.9988  -16.7890  -16.7890   -5.3362   -5.0062   -4.4370   -4.3151   -4.3151   -3.5363   -2.5729   -2.0865   -2.0865   -1.5738   -1.5738   -0.5857    2.6259    2.7928    3.1642    3.3399
  3.5622  -58.0589  -58.0478  -34.3717  -34.3519  -34.2794  -34.2794  -34.1796  -34.1796  -17.8805  -16.9630  -16.8265  -16.8265   -5.2030   -4.9243   -4.3125   -4.3125   -4.2937   -3.7151   -2.8056   -2.0134   -2.0134   -1.7337   -1.7337   -0.7191    2.6371    2.8499    3.2901    3.4305
  3.6182  -58.0551  -58.0451  -34.4053  -34.3875  -34.2692  -34.2692  -34.1791  -34.1791  -17.7728  -16.9317  -16.8635  -16.8635   -5.0710   -4.8475   -4.2953   -4.2953   -4.1375   -3.8772   -3.0243   -2.0120   -2.0120   -1.8364   -1.8364   -0.8716    2.6627    2.9124    3.4087    3.5206
  3.6742  -58.0514  -58.0426  -34.4372  -34.4216  -34.2591  -34.2591  -34.1791  -34.1791  -17.6638  -16.9069  -16.8989  -16.8989   -4.9473   -4.7801   -4.2638   -4.2638   -4.0156   -3.9690   -3.2243   -2.1464   -2.1464   -1.8149   -1.8149   -1.0420    2.7031    2.9808    3.5137    3.6071
  3.7302  -58.0480  -58.0403  -34.4666  -34.4532  -34.2491  -34.2491  -34.1796  -34.1796  -17.5554  -16.9318  -16.9318  -16.8902   -4.8415   -4.7269   -4.2189   -4.2189   -4.1205   -3.7890   -3.4007   -2.3143   -2.3143   -1.7684   -1.7684   -1.2282    2.7579    3.0610    3.5877    3.6875
  3.7862  -58.0447  -58.0384  -34.4928  -34.4816  -34.2396  -34.2396  -34.1807  -34.1807  -17.4497  -16.9613  -16.9613  -16.8831   -4.7668   -4.6917   -4.1792   -4.1622   -4.1622   -3.5986   -3.5499   -2.4827   -2.4827   -1.7258   -1.7258   -1.4277    2.8262    3.1414    3.6658    3.7593
  3.8422  -58.0420  -58.0368  -34.5150  -34.5061  -34.2306  -34.2306  -34.1824  -34.1824  -17.3487  -16.9867  -16.9867  -16.8870   -4.7325   -4.6768   -4.1842   -4.0967   -4.0967   -3.6704   -3.3987   -2.6432   -2.6432   -1.6909   -1.6909   -1.6379    2.9068    3.2298    3.8061    3.8174
  3.8982  -58.0395  -58.0356  -34.5327  -34.5260  -34.2224  -34.2224  -34.1847  -34.1847  -17.2542  -17.0071  -17.0071  -16.9028   -4.7293   -4.6803   -4.1462   -4.0268   -4.0268   -3.7643   -3.1905   -2.7885   -2.7885   -1.8558   -1.6642   -1.6642    2.9981    3.3240    3.6835    3.8521
  3.9542  -58.0374  -58.0348  -34.5453  -34.5408  -34.2152  -34.2152  -34.1875  -34.1875  -17.1678  -17.0221  -17.0221  -16.9311   -4.7364   -4.6961   -4.0869   -3.9604   -3.9604   -3.8381   -2.9753   -2.9093   -2.9093   -2.0788   -1.6453   -1.6453    3.0987    3.4184    3.5608    3.7153
  4.0102  -58.0361  -58.0347  -34.5526  -34.5503  -34.2097  -34.2097  -34.1904  -34.1904  -17.0913  -17.0313  -17.0313  -16.9722   -4.7392   -4.7161   -4.0232   -3.9101   -3.9101   -3.9012   -2.9928   -2.9928   -2.7548   -2.3045   -1.6342   -1.6342    3.2067    3.4393    3.5116    3.6677
  4.0662  -58.0351  -58.0351  -34.5543  -34.5543  -34.2074  -34.2074  -34.1918  -34.1918  -17.0344  -17.0344  -17.0257  -17.0257   -4.7322   -4.7322   -3.9613   -3.9613   -3.8906   -3.8906   -3.0232   -3.0232   -2.5306   -2.5306   -1.6306   -1.6306    3.3208    3.3208    3.5994    3.6228
  4.0662  -58.0351  -58.0351  -34.5543  -34.5543  -34.2074  -34.2074  -34.1918  -34.1918  -17.0344  -17.0344  -17.0257  -17.0257   -4.7322   -4.7322   -3.9613   -3.9613   -3.8906   -3.8906   -3.0232   -3.0232   -2.5306   -2.5306   -1.6306   -1.6306    3.3208    3.3208    3.5994    3.6228
  4.1022  -58.0351  -58.0351  -34.5543  -34.5543  -34.2073  -34.2073  -34.1918  -34.1918  -17.0571  -17.0571  -17.0029  -17.0029   -4.7331   -4.7331   -4.0146   -4.0146   -3.8395   -3.8395   -3.0228   -3.0228   -2.5227   -2.5227   -1.6331   -1.6331    3.3122    3.3122    3.6032    3.9374
  4.1383  -58.0351  -58.0351  -34.5545  -34.5545  -34.2071  -34.2071  -34.1918  -34.1918  -17.0833  -17.0833  -16.9762  -16.9762   -4.7362   -4.7362   -4.0913   -4.0913   -3.7689   -3.7689   -3.0212   -3.0212   -2.4991   -2.4991   -1.6407   -1.6407    3.2870    3.2870    3.6026    3.9460
  4.1744  -58.0351  -58.0351  -34.5549  -34.5549  -34.2068  -34.2068  -34.1918  -34.1918  -17.1090  -17.1090  -16.9496  -16.9496   -4.7427   -4.7427   -4.1660   -4.1660   -3.7035   -3.7035   -3.0179   -3.0179   -2.4603   -2.4603   -1.6530   -1.6530    3.2472    3.2473    3.6032    3.9146
  4.2104  -58.0352  -58.0352  -34.5554  -34.5554  -34.2064  -34.2064  -34.1917  -34.1917  -17.1342  -17.1342  -16.9234  -16.9234   -4.7546   -4.7546   -4.2333   -4.2333   -3.6470   -3.6470   -3.0125   -3.0125   -2.4073   -2.4073   -1.6699   -1.6699    3.1952    3.1953    3.6041    3.8744
  4.2465  -58.0352  -58.0352  -34.5559  -34.5559  -34.2059  -34.2059  -34.1917  -34.1917  -17.1585  -17.1585  -16.8977  -16.8977   -4.7743   -4.7743   -4.2889   -4.2889   -3.6010   -3.6010   -3.0041   -3.0041   -2.3413   -2.3413   -1.6908   -1.6908    3.1335    3.1335    3.6053    3.6173
  4.2826  -58.0351  -58.0351  -34.5566  -34.5566  -34.2053  -34.2053  -34.1916  -34.1916  -17.1818  -17.1818  -16.8728  -16.8728   -4.8037   -4.8037   -4.3296   -4.3296   -3.5663   -3.5663   -2.9921   -2.9921   -2.2645   -2.2645   -1.7147   -1.7147    3.0641    3.0642    3.6077    3.6109
  4.3187  -58.0352  -58.0352  -34.5574  -34.5574  -34.2046  -34.2046  -34.1916  -34.1916  -17.2040  -17.2040  -16.8489  -16.8489   -4.8431   -4.8431   -4.3544   -4.3544   -3.5426   -3.5426   -2.9763   -2.9763   -2.1802   -2.1802   -1.7406   -1.7406    2.9890    2.9890    3.6101    3.6131
  4.3547  -58.0352  -58.0352  -34.5582  -34.5582  -34.2039  -34.2039  -34.1915  -34.1915  -17.2249  -17.2249  -16.8261  -16.8261   -4.8904   -4.8904   -4.3648   -4.3648   -3.5292   -3.5292   -2.9566   -2.9566   -2.0933   -2.0933   -1.7652   -1.7652    2.9097    2.9097    3.6128    3.6149
  4.3908  -58.0352  -58.0352  -34.5590  -34.5590  -34.2032  -34.2032  -34.1914  -34.1914  -17.2445  -17.2445  -16.8045  -16.8045   -4.9423   -4.9423   -4.3636   -4.3636   -3.5246   -3.5246   -2.9334   -2.9334   -2.0137   -2.0137   -1.7806   -1.7806    2.8280    2.8280    3.6164    3.6185
  4.4269  -58.0352  -58.0352  -34.5598  -34.5598  -34.2025  -34.2025  -34.1913  -34.1913  -17.2625  -17.2625  -16.7845  -16.7845   -4.9955   -4.9955   -4.3541   -4.3541   -3.5273   -3.5273   -2.9072   -2.9072   -1.9643   -1.9643   -1.7659   -1.7659    2.7455    2.7455    3.6200    3.6221
  4.4629  -58.0353  -58.0353  -34.5607  -34.5607  -34.2018  -34.2018  -34.1912  -34.1912  -17.2789  -17.2789  -16.7660  -16.7660   -5.0474   -5.0474   -4.3387   -4.3387   -3.5357   -3.5357   -2.8788   -2.8788   -1.9618   -1.9618   -1.7067   -1.7067    2.6638    2.6638    3.6234    3.6256
  4.4990  -58.0353  -58.0353  -34.5614  -34.5614  -34.2012  -34.2012  -34.1911  -34.1911  -17.2937  -17.2937  -16.7494  -16.7494   -5.0961   -5.0961   -4.3196   -4.3196   -3.5482   -3.5482   -2.8489   -2.8489   -1.9855   -1.9855   -1.6249   -1.6249    2.5847    2.5847    3.6267    3.6282
  4.5351  -58.0352  -58.0352  -34.5622  -34.5622  -34.2006  -34.2006  -34.1909  -34.1909  -17.3066  -17.3066  -16.7347  -16.7347   -5.1401   -5.1401   -4.2985   -4.2985   -3.5634   -3.5634   -2.8182   -2.8182   -2.0180   -2.0180   -1.5398   -1.5398    2.5103    2.5103    3.6299    3.6318
  4.5711  -58.0352  -58.0352  -34.5628  -34.5628  -34.2001  -34.2001  -34.1908  -34.1908  -17.3177  -17.3177  -16.7220  -16.7220   -5.1787   -5.1787   -4.2769   -4.2769   -3.5799   -3.5799   -2.7880   -2.7880   -2.0527   -2.0527   -1.4596   -1.4596    2.4423    2.4423    3.6325    3.6343
  4.6072  -58.0352  -58.0352  -34.5634  -34.5634  -34.1997  -34.1997  -34.1907  -34.1907  -17.3268  -17.3268  -16.7114  -16.7114   -5.2110   -5.2110   -4.2564   -4.2564   -3.5963   -3.5963   -2.7594   -2.7594   -2.0862   -2.0862   -1.3885   -1.3885    2.3828    2.3828    3.6347    3.6365
  4.6433  -58.0352  -58.0352  -34.5638  -34.5638  -34.1994  -34.1994  -34.1906  -34.1906  -17.3340  -17.3340  -16.7032  -16.7032   -5.2365   -5.2365   -4.2383   -4.2383   -3.6111   -3.6111   -2.7339   -2.7339   -2.1160   -2.1160   -1.3298   -1.3298    2.3339    2.3339    3.6368    3.7677
  4.6794  -58.0352  -58.0352  -34.5641  -34.5641  -34.1991  -34.1991  -34.1905  -34.1905  -17.3392  -17.3392  -16.6972  -16.6972   -5.2550   -5.2550   -4.2241   -4.2241   -3.6230   -3.6230   -2.7136   -2.7136   -2.1397   -2.1397   -1.2860   -1.2860    2.2974    2.2974    3.6382    3.8369
  4.7154  -58.0352  -58.0352  -34.5643  -34.5643  -34.1990  -34.1990  -34.1905  -34.1905  -17.3423  -17.3423  -16.6936  -16.6936   -5.2662   -5.2662   -4.2150   -4.2150   -3.6308   -3.6308   -2.7003   -2.7003   -2.1552   -2.1552   -1.2590   -1.2590    2.2749    2.2749    3.6389    3.8948
  4.7515  -58.0352  -58.0352  -34.5644  -34.5644  -34.1990  -34.1990  -34.1904  -34.1904  -17.3433  -17.3433  -16.6924  -16.6924   -5.2700   -5.2700   -4.2119   -4.2119   -3.6334   -3.6334   -2.6956   -2.6956   -2.1605   -2.1605   -1.2498   -1.2498    2.2672    2.2672    3.6392    4.0383
  4.7515  -58.0352  -58.0352  -34.5644  -34.5644  -34.1990  -34.1990  -34.1904  -34.1904  -17.3433  -17.3433  -16.6924  -16.6924   -5.2700   -5.2700   -4.2119   -4.2119   -3.6334   -3.6334   -2.6956   -2.6956   -2.1605   -2.1605   -1.2498   -1.2498    2.2672    2.2672    3.6392    4.0383
  4.8075  -58.0355  -58.0355  -34.5616  -34.5616  -34.1992  -34.1992  -34.1911  -34.1911  -17.3417  -17.3417  -16.6977  -16.6977   -5.2555   -5.2555   -4.2254   -4.2254   -3.6268   -3.6268   -2.7193   -2.7193   -2.1414   -2.1414   -1.2518   -1.2518    2.2778    2.2778    3.6408    4.1321
  4.8635  -58.0363  -58.0363  -34.5533  -34.5533  -34.2000  -34.2000  -34.1929  -34.1929  -17.3372  -17.3372  -16.7134  -16.7134   -5.2125   -5.2125   -4.2618   -4.2618   -3.6131   -3.6131   -2.7772   -2.7772   -2.0960   -2.0960   -1.2562   -1.2562    2.3087    2.3087    3.6453    4.1086
  4.9195  -58.0376  -58.0376  -34.5398  -34.5398  -34.2015  -34.2015  -34.1957  -34.1957  -17.3305  -17.3305  -16.7382  -16.7382   -5.1421   -5.1421   -4.3120   -4.3120   -3.6064   -3.6064   -2.8451   -2.8451   -2.0458   -2.0458   -1.2583   -1.2583    2.3582    2.3582    3.6509    4.0064
  4.9755  -58.0394  -58.0394  -34.5212  -34.5212  -34.2040  -34.2040  -34.1990  -34.1990  -17.3229  -17.3229  -16.7702  -16.7702   -5.0464   -5.0464   -4.3674   -4.3674   -3.6218   -3.6218   -2.9033   -2.9033   -2.0073   -2.0073   -1.2518   -1.2518    2.4235    2.4235    3.6561    3.6598
  5.0315  -58.0416  -58.0416  -34.4982  -34.4982  -34.2084  -34.2084  -34.2017  -34.2017  -17.3167  -17.3167  -16.8065  -16.8065   -4.9292   -4.9292   -4.4217   -4.4217   -3.6668   -3.6668   -2.9415   -2.9415   -1.9902   -1.9902   -1.2315   -1.2315    2.5011    2.5011    3.6542    3.6933
  5.0875  -58.0442  -58.0442  -34.4714  -34.4714  -34.2143  -34.2143  -34.2041  -34.2041  -17.3148  -17.3148  -16.8428  -16.8428   -4.7959   -4.7959   -4.4706   -4.4706   -3.7368   -3.7368   -2.9609   -2.9609   -1.9971   -1.9971   -1.1956   -1.1956    2.5873    2.5873    3.6460    3.7503
  5.1434  -58.0471  -58.0471  -34.4415  -34.4415  -34.2212  -34.2212  -34.2062  -34.2062  -17.3211  -17.3211  -16.8744  -16.8744   -4.6586   -4.6586   -4.5096   -4.5096   -3.8151   -3.8151   -2.9700   -2.9700   -2.0257   -2.0257   -1.1473   -1.1473    2.6779    2.6779    3.6273    3.6456
  5.1994  -58.0501  -58.0501  -34.4094  -34.4094  -34.2286  -34.2286  -34.2082  -34.2082  -17.3393  -17.3393  -16.8962  -16.8962   -4.5773   -4.5773   -4.4968   -4.4968   -3.8751   -3.8751   -2.9761   -2.9761   -2.0711   -2.0711   -1.0915   -1.0915    2.7692    2.7692    3.5970    3.6279
  5.2554  -58.0533  -58.0533  -34.3762  -34.3762  -34.2364  -34.2364  -34.2100  -34.2100  -17.3709  -17.3709  -16.9058  -16.9058   -4.6003   -4.6003   -4.4185   -4.4185   -3.8785   -3.8785   -2.9834   -2.9834   -2.1286   -2.1286   -1.0338   -1.0338    2.8568    2.8568    3.5559    3.5957
  5.3114  -58.0565  -58.0565  -34.3430  -34.3430  -34.2442  -34.2442  -34.2111  -34.2111  -17.4142  -17.4142  -16.9037  -16.9037   -4.6417   -4.6417   -4.3854   -4.3854   -3.8017   -3.8017   -2.9913   -2.9913   -2.1936   -2.1936   -0.9787   -0.9787    2.9359    2.9360    3.5068    3.5536
  5.3674  -58.0598  -58.0598  -34.3116  -34.3116  -34.2515  -34.2515  -34.2110  -34.2110  -17.4651  -17.4651  -16.8928  -16.8928   -4.6999   -4.6999   -4.3746   -4.3746   -3.6764   -3.6764   -2.9966   -2.9966   -2.2597   -2.2597   -0.9301   -0.9301    3.0000    3.0003    3.4553    3.4923
  5.4234  -58.0628  -58.0628  -34.2855  -34.2855  -34.2570  -34.2570  -34.2081  -34.2081  -17.5193  -17.5193  -16.8765  -16.8765   -4.7727   -4.7727   -4.3536   -4.3536   -3.5503   -3.5503   -2.9955   -2.9955   -2.3152   -2.3152   -0.8907   -0.8907    3.0401    3.0407    3.4106    3.4279
  5.4794  -58.0657  -58.0657  -34.2741  -34.2741  -34.2548  -34.2548  -34.1999  -34.1999  -17.5729  -17.5729  -16.8578  -16.8578   -4.8515   -4.8515   -4.3139   -4.3139   -3.4562   -3.4562   -2.9927   -2.9927   -2.3394   -2.3394   -0.8635   -0.8635    3.0460    3.0464    3.3840    3.3875
  5.5354  -58.0682  -58.0682  -34.2767  -34.2767  -34.2472  -34.2472  -34.1850  -34.1850  -17.6227  -17.6227  -16.8389  -16.8389   -4.9277   -4.9277   -4.2568   -4.2568   -3.4044   -3.4044   -3.0101   -3.0101   -2.3077   -2.3077   -0.8501   -0.8501    3.0174    3.0175    3.3789    3.3792
  5.5914  -58.0704  -58.0704  -34.2813  -34.2813  -34.2434  -34.2434  -34.1672  -34.1672  -17.6666  -17.6666  -16.8216  -16.8216   -4.9956   -4.9956   -4.1864   -4.1864   -3.3844   -3.3844   -3.0640   -3.0640   -2.2190   -2.2190   -0.8513   -0.8513    2.9684    2.9685    3.3857    3.3859
  5.6474  -58.0721  -58.0721  -34.2853  -34.2853  -34.2420  -34.2420  -34.1506  -34.1506  -17.7024  -17.7024  -16.8069  -16.8069   -5.0511   -5.0511   -4.1079   -4.1079   -3.3808   -3.3808   -3.1446   -3.1446   -2.1010   -2.1010   -0.8656   -0.8656    2.9156    2.9157    3.3947    3.3949
  5.7034  -58.0734  -58.0734  -34.2883  -34.2883  -34.2416  -34.2416  -34.1377  -34.1377  -17.7291  -17.7291  -16.7958  -16.7958   -5.0923   -5.0923   -4.0301   -4.0301   -3.3839   -3.3839   -3.2312   -3.2312   -1.9869   -1.9869   -0.8880   -0.8880    2.8704    2.8704    3.4014    3.4017
  5.7594  -58.0742  -58.0742  -34.2902  -34.2902  -34.2415  -34.2415  -34.1296  -34.1296  -17.7454  -17.7454  -16.7890  -16.7890   -5.1175   -5.1175   -3.9677   -3.9677   -3.3886   -3.3886   -3.3003   -3.3003   -1.9042   -1.9042   -0.9094   -0.9094    2.8403    2.8409    3.4052    3.4113
  5.8154  -58.0745  -58.0745  -34.2908  -34.2908  -34.2415  -34.2415  -34.1269  -34.1269  -17.7509  -17.7509  -16.7867  -16.7867   -5.1260   -5.1260   -3.9427   -3.9427   -3.3915   -3.3915   -3.3271   -3.3271   -1.8738   -1.8738   -0.9184   -0.9184    2.8298    2.8319    3.4064    3.4543
  5.8154  -58.0745  -58.0745  -34.2908  -34.2908  -34.2415  -34.2415  -34.1269  -34.1269  -17.7509  -17.7509  -16.7867  -16.7867   -5.1260   -5.1260   -3.9427   -3.9427   -3.3915   -3.3915   -3.3271   -3.3271   -1.8738   -1.8738   -0.9184   -0.9184    2.8298    2.8319    3.4064    3.4543
  5.8514  -58.0752  -58.0738  -34.2919  -34.2911  -34.2412  -34.2404  -34.1282  -34.1256  -17.8142  -17.6880  -16.7975  -16.7742   -5.1567   -5.1053   -3.9443   -3.9416   -3.5249   -3.3956   -3.3355   -3.1663   -1.9249   -1.8196   -0.9630   -0.8686    2.8072    2.8517    3.4027    3.5068
  5.8875  -58.0759  -58.0732  -34.2942  -34.2928  -34.2394  -34.2380  -34.1296  -34.1242  -17.8774  -17.6266  -16.8062  -16.7605   -5.1963   -5.0953   -3.9465   -3.9411   -3.6887   -3.4035   -3.2996   -2.9869   -1.9728   -1.7627   -1.0016   -0.8150    2.7794    2.8674    3.3897    3.5572
  5.9236  -58.0766  -58.0725  -34.2974  -34.2955  -34.2366  -34.2347  -34.1309  -34.1229  -17.9398  -17.5673  -16.8123  -16.7460   -5.2438   -5.0956   -3.9491   -3.9413   -3.8472   -3.4009   -3.2561   -2.8036   -2.0171   -1.7035   -1.0330   -0.7583    2.7477    2.8748    3.3698    3.5620
  5.9596  -58.0772  -58.0718  -34.3011  -34.2990  -34.2329  -34.2309  -34.1322  -34.1216  -18.0008  -17.5113  -16.8153  -16.7310   -5.2977   -5.1058   -3.9982   -3.9520   -3.9423   -3.3872   -3.2086   -2.6182   -2.0577   -1.6424   -1.0561   -0.6997    2.7119    2.8820    3.3396    3.5279
  5.9957  -58.0778  -58.0712  -34.3051  -34.3030  -34.2288  -34.2266  -34.1334  -34.1204  -18.0600  -17.4594  -16.8143  -16.7156   -5.3571   -5.1246   -4.1406   -3.9551   -3.9439   -3.3634   -3.1596   -2.4323   -2.0947   -1.5799   -1.0702   -0.6401    2.6735    2.8795    3.3048    3.4664
  6.0318  -58.0784  -58.0706  -34.3092  -34.3071  -34.2244  -34.2223  -34.1346  -34.1192  -18.1169  -17.4128  -16.8090  -16.7003   -5.4203   -5.1504   -4.2735   -3.9584   -3.9462   -3.3306   -3.1115   -2.2471   -2.1278   -1.5166   -1.0745   -0.5805    2.6325    2.8675    3.2643    3.3959
  6.0679  -58.0791  -58.0700  -34.3133  -34.3113  -34.2199  -34.2179  -34.1358  -34.1180  -18.1711  -17.3723  -16.7989  -16.6852   -5.4862   -5.1816   -4.3963   -3.9617   -3.9491   -3.2906   -3.0660   -2.1572   -2.0640   -1.4532   -1.0687   -0.5217    2.5896    2.8394    3.2119    3.3180
  6.1039  -58.0797  -58.0695  -34.3173  -34.3155  -34.2155  -34.2136  -34.1369  -34.1169  -18.2222  -17.3383  -16.7840  -16.6705   -5.5536   -5.2162   -4.5084   -3.9651   -3.9526   -3.2454   -3.0244   -2.1831   -1.8845   -1.3903   -1.0529   -0.4647    2.5456    2.8116    3.1664    3.2529
  6.1400  -58.0802  -58.0690  -34.3211  -34.3195  -34.2112  -34.2095  -34.1379  -34.1159  -18.2698  -17.3110  -16.7646  -16.6564   -5.6212   -5.2527   -4.6099   -3.9683   -3.9564   -3.1967   -2.9878   -2.2056   -1.7101   -1.3287   -1.0275   -0.4102    2.5010    2.7778    3.1223    3.1840
  6.1761  -58.0805  -58.0685  -34.3246  -34.3233  -34.2071  -34.2057  -34.1389  -34.1150  -18.3138  -17.2898  -16.7417  -16.6430   -5.6876   -5.2894   -4.7003   -3.9714   -3.9605   -3.1463   -2.9564   -2.2247   -1.5424   -1.2691   -0.9936   -0.3589    2.4568    2.7393    3.0815    3.1175
  6.2121  -58.0810  -58.0681  -34.3279  -34.3268  -34.2033  -34.2021  -34.1398  -34.1141  -18.3538  -17.2740  -16.7164  -16.6307   -5.7516   -5.3253   -4.7801   -3.9743   -3.9648   -3.0961   -2.9306   -2.2410   -1.3834   -1.2125   -0.9529   -0.3117    2.4134    2.6956    3.0425    3.0546
  6.2482  -58.0814  -58.0677  -34.3309  -34.3300  -34.1998  -34.1989  -34.1406  -34.1133  -18.3897  -17.2627  -16.6903  -16.6194   -5.8116   -5.3591   -4.8493   -3.9770   -3.9690   -3.0476   -2.9099   -2.2545   -1.2350   -1.1596   -0.9075   -0.2691    2.3720    2.6474    2.9957    3.0063
  6.2843  -58.0817  -58.0674  -34.3335  -34.3328  -34.1967  -34.1960  -34.1412  -34.1126  -18.4211  -17.2548  -16.6648  -16.6093   -5.8666   -5.3901   -4.9084   -3.9793   -3.9731   -3.0022   -2.8938   -2.2656   -1.1113   -1.0992   -0.8599   -0.2317    2.3334    2.5973    2.9426    2.9721
  6.3204  -58.0820  -58.0671  -34.3358  -34.3353  -34.1940  -34.1935  -34.1418  -34.1121  -18.4481  -17.2495  -16.6411  -16.6006   -5.9155   -5.4174   -4.9577   -3.9815   -3.9768   -2.9614   -2.8816   -2.2745   -1.0686   -0.9785   -0.8129   -0.1999    2.2985    2.5483    2.8954    2.9409
  6.3564  -58.0823  -58.0670  -34.3376  -34.3373  -34.1918  -34.1914  -34.1423  -34.1116  -18.4703  -17.2461  -16.6202  -16.5934   -5.9571   -5.4405   -4.9976   -3.9833   -3.9801   -2.9263   -2.8728   -2.2815   -1.0323   -0.8750   -0.7692   -0.1741    2.2683    2.5031    2.8551    2.9129
  6.3925  -58.0825  -58.0668  -34.3391  -34.3389  -34.1900  -34.1898  -34.1427  -34.1112  -18.4878  -17.2440  -16.6032  -16.5877   -5.9902   -5.4589   -5.0283   -3.9846   -3.9829   -2.8979   -2.8667   -2.2866   -1.0032   -0.7912   -0.7317   -0.1544    2.2438    2.4646    2.8225    2.8897
  6.4286  -58.0827  -58.0666  -34.3402  -34.3401  -34.1887  -34.1886  -34.1430  -34.1109  -18.5003  -17.2427  -16.5906  -16.5835   -6.0144   -5.4723   -5.0501   -3.9856   -3.9849   -2.8769   -2.8628   -2.2902   -0.9819   -0.7293   -0.7028   -0.1405    2.2257    2.4352    2.7986    2.8719
  6.4646  -58.0827  -58.0665  -34.3408  -34.3408  -34.1880  -34.1879  -34.1432  -34.1107  -18.5078  -17.2420  -16.5828  -16.5810   -6.0291   -5.4804   -5.0630   -3.9862   -3.9859   -2.8641   -2.8605   -2.2922   -0.9689   -0.6912   -0.6846   -0.1323    2.2149    2.4461    2.7840    2.8608
  6.5007  -58.0828  -58.0665  -34.3410  -34.3410  -34.1877  -34.1877  -34.1432  -34.1107  -18.5104  -17.2418  -16.5802  -16.5802   -6.0341   -5.4831   -5.0674   -3.9864   -3.9864   -2.8598   -2.8598   -2.2930   -0.9645   -0.6784   -0.6784   -0.1296    2.2112    2.4313    2.7790    2.8571
