#K-Path     Band-1    Band-2    Band-3    Band-4      Band-5 Band-6 Band-7 Band-8
  0.0000   -9.6398   -6.9707   -1.2887   -1.2887    1.3487    3.2571    3.2571    7.5876
  0.0523   -9.6770   -6.9160   -1.2831   -1.2831    1.3547    3.2630    3.2630    7.5963
  0.1046   -9.7812   -6.7613   -1.2683   -1.2683    1.3719    3.2786    3.2786    7.6202
  0.1569   -9.9328   -6.5257   -1.2437   -1.2437    1.4004    3.3029    3.3029    7.6564
  0.2092  -10.1122   -6.2289   -1.2092   -1.2092    1.4414    3.3337    3.3337    7.6969
  0.2615  -10.3045   -5.8865   -1.1652   -1.1652    1.4920    3.3658    3.3658    7.7233
  0.3139  -10.4996   -5.5087   -1.1115   -1.1115    1.5532    3.3969    3.3969    7.6935
  0.3662  -10.6908   -5.1028   -1.0486   -1.0486    1.6246    3.4193    3.4193    7.5398
  0.4185  -10.8738   -4.6726   -0.9766   -0.9766    1.7056    3.4254    3.4254    7.2343
  0.4708  -11.0459   -4.2247   -0.8964   -0.8964    1.7951    3.4075    3.4075    6.8333
  0.5231  -11.2051   -3.7611   -0.8087   -0.8087    1.8899    3.3597    3.3597    6.3896
  0.5754  -11.3497   -3.2848   -0.7145   -0.7145    1.9916    3.2805    3.2805    5.9269
  0.6277  -11.4789   -2.7998   -0.6158   -0.6158    2.0967    3.1717    3.1717    5.4555
  0.6800  -11.5920   -2.3097   -0.5143   -0.5143    2.2019    3.0425    3.0425    4.9806
  0.7323  -11.6884   -1.8216   -0.4136   -0.4136    2.3020    2.9025    2.9025    4.5085
  0.7846  -11.7677   -1.3450   -0.3181   -0.3181    2.3909    2.7637    2.7637    4.0499
  0.8369  -11.8297   -0.8940   -0.2334   -0.2334    2.4597    2.6388    2.6388    3.6246
  0.8892  -11.8741   -0.5005   -0.1656   -0.1656    2.4921    2.5388    2.5388    3.2704
  0.9416  -11.9008   -0.2147   -0.1215   -0.1215    2.4740    2.4740    2.4754    3.0459
  0.9939  -11.9097   -0.1061   -0.1061   -0.1061    2.4515    2.4515    2.4515    2.9770
  0.9939  -11.9097   -0.1061   -0.1061   -0.1061    2.4515    2.4515    2.4515    2.9770
  1.0543  -11.8978   -0.1923   -0.1564   -0.1564    2.4220    2.5165    2.5165    3.0612
  1.1147  -11.8622   -0.4260   -0.2934   -0.2934    2.3376    2.6976    2.6976    3.2857
  1.1751  -11.8028   -0.7581   -0.4876   -0.4876    2.2081    2.9660    2.9661    3.5887
  1.2355  -11.7199   -1.1491   -0.7135   -0.7135    2.0463    3.2938    3.2938    3.8971
  1.2959  -11.6136   -1.5741   -0.9536   -0.9536    1.8644    3.6613    3.6614    4.1171
  1.3563  -11.4840   -2.0183   -1.1931   -1.1931    1.6744    4.0573    4.0573    4.1359
  1.4167  -11.3313   -2.4734   -1.4263   -1.4263    1.4844    3.9353    4.4755    4.4755
  1.4771  -11.1557   -2.9350   -1.6488   -1.6488    1.3013    3.6079    4.9098    4.9098
  1.5375  -10.9577   -3.3999   -1.8571   -1.8571    1.1300    3.2324    5.3560    5.3560
  1.5979  -10.7375   -3.8660   -2.0494   -2.0494    0.9746    2.8514    5.8122    5.8122
  1.6583  -10.4955   -4.3317   -2.2241   -2.2241    0.8388    2.4853    6.2806    6.2806
  1.7187  -10.2323   -4.7954   -2.3810   -2.3810    0.7238    2.1426    6.7516    6.7516
  1.7791   -9.9485   -5.2554   -2.5175   -2.5175    0.6322    1.8301    7.2291    7.2292
  1.8395   -9.6442   -5.7102   -2.6338   -2.6338    0.5669    1.5501    7.7120    7.7120
  1.8999   -9.3210   -6.1591   -2.7298   -2.7298    0.5270    1.3026    8.1965    8.1966
  1.9603   -8.9792   -6.5988   -2.8046   -2.8046    0.5151    1.0909    8.6819    8.6819
  2.0207   -8.6199   -7.0286   -2.8581   -2.8580    0.5331    0.9136    9.1628    9.1628
  2.0811   -8.2440   -7.4470   -2.8903   -2.8903    0.5806    0.7698    9.5875    9.5876
  2.1415   -7.8526   -7.8526   -2.9007   -2.9007    0.6602    0.6602    9.8091    9.8184
  2.1415   -7.8526   -7.8526   -2.9007   -2.9007    0.6602    0.6602    9.8067    9.8073
  2.1628   -7.8533   -7.8509   -2.9111   -2.8996    0.6615    0.6745    9.7906    9.7963
  2.1842   -7.8553   -7.8461   -2.9408   -2.8963    0.6648    0.7191    9.7467    9.7709
  2.2055   -7.8586   -7.8381   -2.9884   -2.8904    0.6717    0.7918    9.6699    9.7250
  2.2269   -7.8635   -7.8268   -3.0514   -2.8820    0.6812    0.8901    9.5712    9.6660
  2.2483   -7.8701   -7.8123   -3.1275   -2.8713    0.6935    1.0103    9.4567    9.5949
  2.2696   -7.8784   -7.7945   -3.2133   -2.8583    0.7079    1.1519    9.3280    9.5167
  2.2910   -7.8887   -7.7735   -3.3060   -2.8429    0.7256    1.3112    9.1906    9.4237
  2.3123   -7.9012   -7.7493   -3.4034   -2.8252    0.7460    1.4859    9.0483    9.3148
  2.3337   -7.9162   -7.7219   -3.5030   -2.8052    0.7690    1.6739    8.9016    9.2810
  2.3550   -7.9340   -7.6913   -3.6029   -2.7828    0.7947    1.8736    8.7319    9.1284
  2.3764   -7.9548   -7.6575   -3.7014   -2.7582    0.8230    2.0834    8.5755    9.0471
  2.3977   -7.9791   -7.6204   -3.7971   -2.7314    0.8539    2.3023    8.4118    8.9185
  2.4191   -8.0071   -7.5801   -3.8886   -2.7023    0.8874    2.5292    8.2463    8.7942
  2.4404   -8.0391   -7.5367   -3.9749   -2.6711    0.9234    2.7631    8.0835    8.6531
  2.4618   -8.0755   -7.4900   -4.0551   -2.6377    0.9619    3.0035    7.9191    8.4998
  2.4832   -8.1167   -7.4402   -4.1287   -2.6021    1.0027    3.2480    7.7551    8.3398
  2.5045   -8.1623   -7.3872   -4.1943   -2.5645    1.0461    3.4992    7.5923    8.1789
  2.5259   -8.2127   -7.3309   -4.2519   -2.5249    1.0918    3.7550    7.4304    8.0120
  2.5472   -8.2680   -7.2715   -4.3011   -2.4833    1.1397    4.0148    7.2697    7.8367
  2.5472   -8.2680   -7.2715   -4.3011   -2.4833    1.1397    4.0148    7.2691    7.8241
  2.6113   -8.4626   -7.0744   -4.3962   -2.3470    1.2965    4.8122    6.7991    7.3335
  2.6753   -8.6956   -6.8486   -4.4135   -2.1947    1.4716    5.6083    6.3483    6.9044
  2.7394   -8.9580   -6.5945   -4.3588   -2.0292    1.6614    5.9130    6.1073    6.8113
  2.8035   -9.2389   -6.3129   -4.2413   -1.8520    1.8619    5.5031    5.8517    6.5375
  2.8675   -9.5280   -6.0037   -4.0700   -1.6664    2.0676    5.1166    5.4773    6.2460
  2.9316   -9.8170   -5.6674   -3.8530   -1.4758    2.2691    4.7532    5.1068    5.9930
  2.9957  -10.0990   -5.3045   -3.5977   -1.2847    2.4600    4.4160    4.7587    5.7843
  3.0597  -10.3689   -4.9150   -3.3092   -1.0970    2.6264    4.1059    4.4322    5.6299
  3.1238  -10.6231   -4.5007   -2.9942   -0.9180    2.7553    3.8203    4.1312    5.5307
  3.1879  -10.8586   -4.0620   -2.6565   -0.7520    2.8381    3.5612    3.8547    5.4823
  3.2519  -11.0734   -3.6008   -2.3030   -0.6031    2.8727    3.3287    3.5977    5.4582
  3.3160  -11.2657   -3.1185   -1.9394   -0.4728    2.8679    3.1242    3.3665    5.4027
  3.3801  -11.4343   -2.6181   -1.5730   -0.3646    2.8355    2.9468    3.1592    5.2327
  3.4441  -11.5783   -2.1047   -1.2139   -0.2783    2.7873    2.7956    2.9726    4.8885
  3.5082  -11.6969   -1.5847   -0.8739   -0.2117    2.6722    2.7324    2.8088    4.4096
  3.5723  -11.7897   -1.0761   -0.5710   -0.1630    2.5757    2.6672    2.6740    3.8842
  3.6363  -11.8563   -0.6090   -0.3252   -0.1306    2.5067    2.5541    2.6054    3.4056
  3.7004  -11.8963   -0.2497   -0.1633   -0.1121    2.4653    2.4783    2.5124    3.0801
  3.7644  -11.9097   -0.1061   -0.1061   -0.1061    2.4515    2.4515    2.4515    2.9770
