#K-Path     Band-1    Band-2    Band-3    Band-4      ...     Band-n
  0.0000  -56.9924  -56.9750  -33.3055  -33.3055  -33.1365  -33.1365  -33.0971  -33.0621  -18.3092  -17.1296  -16.3893  -16.3893   -5.8774   -5.4663   -5.0403   -3.9110   -3.9110   -2.6435   -2.6435   -2.0792   -0.7857   -0.5318   -0.5318   -0.0509    1.7838    2.0653    2.3176    2.4247
  0.0361  -56.9924  -56.9750  -33.3053  -33.3052  -33.1368  -33.1368  -33.0971  -33.0622  -18.3067  -17.1295  -16.3920  -16.3903   -5.8724   -5.4632   -5.0359   -3.9107   -3.9104   -2.6484   -2.6446   -2.0789   -0.7907   -0.5457   -0.5388   -0.0531    1.7881    2.0717    2.3233    2.4292
  0.0721  -56.9923  -56.9751  -33.3046  -33.3045  -33.1377  -33.1376  -33.0969  -33.0624  -18.2991  -17.1293  -16.4002  -16.3933   -5.8579   -5.4542   -5.0226   -3.9098   -3.9088   -2.6629   -2.6478   -2.0784   -0.8055   -0.5871   -0.5594   -0.0600    1.8009    2.0902    2.3534    2.4425
  0.1082  -56.9921  -56.9753  -33.3034  -33.3032  -33.1391  -33.1389  -33.0966  -33.0627  -18.2866  -17.1291  -16.4136  -16.3983   -5.8338   -5.4392   -5.0002   -3.9083   -3.9061   -2.6866   -2.6534   -2.0772   -0.8295   -0.6538   -0.5919   -0.0720    1.8216    2.1193    2.4515    2.4641
  0.1443  -56.9919  -56.9755  -33.3018  -33.3014  -33.1411  -33.1407  -33.0962  -33.0631  -18.2691  -17.1291  -16.4318  -16.4051   -5.8009   -5.4185   -4.9685   -3.9062   -3.9024   -2.7189   -2.6620   -2.0753   -0.8622   -0.7432   -0.6339   -0.0898    1.8494    2.1568    2.4719    2.4933
  0.1804  -56.9916  -56.9757  -33.2997  -33.2992  -33.1436  -33.1430  -33.0956  -33.0636  -18.2469  -17.1297  -16.4542  -16.4138   -5.7598   -5.3925   -4.9275   -3.9036   -3.8979   -2.7586   -2.6739   -2.0725   -0.9027   -0.8524   -0.6824   -0.1136    1.8834    2.2000    2.4516    2.5100
  0.2164  -56.9913  -56.9760  -33.2972  -33.2965  -33.1466  -33.1457  -33.0950  -33.0642  -18.2199  -17.1313  -16.4800  -16.4242   -5.7114   -5.3616   -4.8766   -3.9003   -3.8927   -2.8048   -2.6901   -2.0683   -0.9788   -0.9501   -0.7341   -0.1434    1.9222    2.2462    2.5274    2.5697
  0.2525  -56.9909  -56.9763  -33.2944  -33.2933  -33.1500  -33.1489  -33.0942  -33.0650  -18.1885  -17.1346  -16.5082  -16.4362   -5.6572   -5.3264   -4.8157   -3.8969   -3.8870   -2.8562   -2.7111   -2.0626   -1.1199   -1.0032   -0.7859   -0.1789    1.9649    2.2929    2.5615    2.6143
  0.2886  -56.9905  -56.9767  -33.2911  -33.2898  -33.1539  -33.1525  -33.0934  -33.0658  -18.1527  -17.1405  -16.5378  -16.4497   -5.5981   -5.2876   -4.7442   -3.8928   -3.8811   -2.9114   -2.7376   -2.0548   -1.2731   -1.0610   -0.8349   -0.2196    2.0104    2.3377    2.5989    2.6612
  0.3246  -56.9901  -56.9772  -33.2874  -33.2859  -33.1582  -33.1565  -33.0925  -33.0667  -18.1127  -17.1498  -16.5671  -16.4645   -5.5354   -5.2461   -4.6620   -3.8885   -3.8750   -2.9687   -2.7700   -2.0446   -1.4363   -1.1223   -0.8782   -0.2649    2.0576    2.3788    2.6390    2.7092
  0.3607  -56.9896  -56.9777  -33.2835  -33.2817  -33.1627  -33.1608  -33.0914  -33.0677  -18.0689  -17.1638  -16.5946  -16.4804   -5.4704   -5.2030   -4.5688   -3.8839   -3.8691   -3.0266   -2.8087   -2.0319   -1.6078   -1.1863   -0.9139   -0.3143    2.1054    2.4150    2.6807    2.7567
  0.3968  -56.9891  -56.9782  -33.2793  -33.2772  -33.1676  -33.1654  -33.0903  -33.0688  -18.0214  -17.1835  -16.6189  -16.4972   -5.4045   -5.1595   -4.4644   -3.8791   -3.8635   -3.0831   -2.8530   -2.0157   -1.7853   -1.2519   -0.9403   -0.3668    2.1533    2.4453    2.7233    2.8023
  0.4328  -56.9884  -56.9788  -33.2749  -33.2726  -33.1725  -33.1702  -33.0891  -33.0700  -17.9706  -17.2098  -16.6387  -16.5147   -5.3391   -5.1171   -4.3492   -3.8742   -3.8585   -3.1364   -2.9025   -1.9960   -1.9676   -1.3182   -0.9566   -0.4219    2.2003    2.4691    2.7656    2.8446
  0.4689  -56.9878  -56.9794  -33.2703  -33.2679  -33.1775  -33.1751  -33.0879  -33.0713  -17.9167  -17.2432  -16.6529  -16.5328   -5.2753   -5.0777   -4.2235   -3.8694   -3.8541   -3.1846   -2.9557   -2.1529   -1.9726   -1.3845   -0.9624   -0.4787    2.2457    2.4862    2.8066    2.8826
  0.5050  -56.9871  -56.9801  -33.2657  -33.2633  -33.1825  -33.1799  -33.0866  -33.0726  -17.8603  -17.2834  -16.6614  -16.5510   -5.2145   -5.0430   -4.0881   -3.8646   -3.8505   -3.2258   -3.0107   -2.3398   -1.9450   -1.4499   -0.9579   -0.5365    2.2889    2.4965    2.8455    2.9150
  0.5411  -56.9865  -56.9807  -33.2612  -33.2588  -33.1871  -33.1847  -33.0852  -33.0739  -17.8017  -17.3298  -16.6644  -16.5692   -5.1580   -5.0153   -3.9436   -3.8601   -3.8479   -3.2579   -3.0654   -2.5267   -1.9132   -1.5138   -0.9436   -0.5942    2.3294    2.5003    2.9407    3.1645
  0.5771  -56.9858  -56.9814  -33.2570  -33.2549  -33.1912  -33.1891  -33.0838  -33.0753  -17.7415  -17.3814  -16.6625  -16.5870   -5.1072   -4.9962   -3.8560   -3.8462   -3.7916   -3.2802   -3.1167   -2.7120   -1.8771   -1.5756   -0.9204   -0.6512    2.3667    2.4976    2.9132    2.9596
  0.6132  -56.9851  -56.9821  -33.2535  -33.2518  -33.1945  -33.1928  -33.0824  -33.0767  -17.6801  -17.4372  -16.6563  -16.6041   -5.0636   -4.9874   -3.8525   -3.8457   -3.6340   -3.2926   -3.1606   -2.8926   -1.8367   -1.6347   -0.8892   -0.7063    2.4003    2.4889    2.9455    2.9707
  0.6493  -56.9843  -56.9829  -33.2509  -33.2499  -33.1964  -33.1955  -33.0810  -33.0781  -17.6182  -17.4959  -16.6468  -16.6201   -5.0287   -4.9898   -3.8495   -3.8460   -3.4766   -3.3016   -3.1899   -3.0607   -1.7920   -1.6907   -0.8512   -0.7586    2.4297    2.4744    2.9575    2.9742
  0.6853  -56.9836  -56.9836  -33.2496  -33.2496  -33.1968  -33.1968  -33.0796  -33.0796  -17.5566  -17.5566  -16.6345  -16.6345   -5.0037   -5.0037   -3.8474   -3.8474   -3.3462   -3.3462   -3.1765   -3.1765   -1.7433   -1.7433   -0.8073   -0.8073    2.4545    2.4545    2.9692    2.9695
  0.6853  -56.9836  -56.9836  -33.2496  -33.2496  -33.1968  -33.1968  -33.0796  -33.0796  -17.5566  -17.5566  -16.6345  -16.6345   -5.0037   -5.0037   -3.8474   -3.8474   -3.3462   -3.3462   -3.1765   -3.1765   -1.7433   -1.7433   -0.8073   -0.8073    2.4545    2.4545    2.9691    2.9696
  0.7214  -56.9836  -56.9836  -33.2507  -33.2507  -33.1957  -33.1957  -33.0796  -33.0796  -17.5571  -17.5571  -16.6337  -16.6337   -5.0094   -5.0094   -3.8484   -3.8484   -3.3661   -3.3661   -3.1448   -3.1448   -1.7409   -1.7409   -0.8126   -0.8126    2.4513    2.4513    2.9654    2.9656
  0.7575  -56.9835  -56.9835  -33.2536  -33.2536  -33.1928  -33.1928  -33.0796  -33.0796  -17.5589  -17.5589  -16.6312  -16.6312   -5.0260   -5.0260   -3.8514   -3.8514   -3.4023   -3.4023   -3.0736   -3.0736   -1.7339   -1.7339   -0.8284   -0.8284    2.4416    2.4416    2.9545    2.9546
  0.7936  -56.9836  -56.9836  -33.2578  -33.2578  -33.1886  -33.1886  -33.0796  -33.0796  -17.5617  -17.5617  -16.6273  -16.6273   -5.0529   -5.0529   -3.8564   -3.8564   -3.4342   -3.4342   -2.9850   -2.9850   -1.7226   -1.7226   -0.8541   -0.8541    2.4255    2.4255    2.9364    2.9367
  0.8296  -56.9836  -56.9836  -33.2629  -33.2629  -33.1835  -33.1835  -33.0795  -33.0795  -17.5655  -17.5655  -16.6220  -16.6220   -5.0888   -5.0888   -3.8631   -3.8631   -3.4556   -3.4556   -2.8865   -2.8865   -1.7071   -1.7071   -0.8889   -0.8889    2.4032    2.4032    2.9119    2.9126
  0.8657  -56.9836  -56.9836  -33.2684  -33.2684  -33.1781  -33.1781  -33.0795  -33.0795  -17.5702  -17.5702  -16.6154  -16.6154   -5.1319   -5.1319   -3.8713   -3.8713   -3.4652   -3.4652   -2.7823   -2.7823   -1.6880   -1.6880   -0.9317   -0.9317    2.3748    2.3748    2.8819    2.8819
  0.9018  -56.9836  -56.9836  -33.2741  -33.2741  -33.1724  -33.1724  -33.0795  -33.0795  -17.5757  -17.5757  -16.6079  -16.6079   -5.1806   -5.1806   -3.8808   -3.8808   -3.4632   -3.4632   -2.6754   -2.6754   -1.6657   -1.6657   -0.9808   -0.9808    2.3407    2.3407    2.8471    2.8472
  0.9378  -56.9837  -56.9837  -33.2797  -33.2797  -33.1668  -33.1668  -33.0795  -33.0795  -17.5816  -17.5816  -16.5995  -16.5995   -5.2328   -5.2328   -3.8911   -3.8911   -3.4499   -3.4499   -2.5685   -2.5685   -1.6407   -1.6407   -1.0344   -1.0344    2.3013    2.3013    2.8087    2.8087
  0.9739  -56.9837  -56.9837  -33.2853  -33.2853  -33.1614  -33.1614  -33.0795  -33.0795  -17.5879  -17.5879  -16.5907  -16.5907   -5.2868   -5.2868   -3.9021   -3.9021   -3.4264   -3.4264   -2.4650   -2.4650   -1.6139   -1.6139   -1.0899   -1.0899    2.2571    2.2571    2.7677    2.7677
  1.0100  -56.9836  -56.9836  -33.2905  -33.2905  -33.1561  -33.1561  -33.0795  -33.0795  -17.5943  -17.5943  -16.5815  -16.5815   -5.3409   -5.3409   -3.9133   -3.9133   -3.3938   -3.3938   -2.3687   -2.3687   -1.5858   -1.5858   -1.1442   -1.1442    2.2090    2.2090    2.7252    2.7252
  1.0460  -56.9836  -56.9836  -33.2955  -33.2955  -33.1512  -33.1512  -33.0795  -33.0795  -17.6007  -17.6007  -16.5723  -16.5723   -5.3936   -5.3936   -3.9244   -3.9244   -3.3532   -3.3532   -2.2839   -2.2839   -1.5573   -1.5573   -1.1932   -1.1932    2.1579    2.1579    2.6825    2.6831
  1.0821  -56.9836  -56.9836  -33.3001  -33.3001  -33.1467  -33.1467  -33.0795  -33.0795  -17.6069  -17.6069  -16.5634  -16.5634   -5.4439   -5.4439   -3.9353   -3.9353   -3.3059   -3.3059   -2.2161   -2.2161   -1.5290   -1.5290   -1.2322   -1.2322    2.1049    2.1049    2.6405    2.6406
  1.1182  -56.9836  -56.9836  -33.3042  -33.3042  -33.1426  -33.1426  -33.0795  -33.0795  -17.6128  -17.6128  -16.5548  -16.5548   -5.4904   -5.4904   -3.9455   -3.9455   -3.2533   -3.2533   -2.1702   -2.1702   -1.5018   -1.5018   -1.2565   -1.2565    2.0514    2.0514    2.6004    2.6004
  1.1543  -56.9836  -56.9836  -33.3079  -33.3079  -33.1390  -33.1390  -33.0795  -33.0795  -17.6182  -17.6182  -16.5470  -16.5470   -5.5323   -5.5323   -3.9549   -3.9549   -3.1968   -3.1968   -2.1494   -2.1494   -1.4763   -1.4763   -1.2634   -1.2634    1.9991    1.9991    2.5633    2.5633
  1.1903  -56.9836  -56.9836  -33.3111  -33.3111  -33.1358  -33.1358  -33.0795  -33.0795  -17.6229  -17.6229  -16.5400  -16.5400   -5.5689   -5.5689   -3.9632   -3.9632   -3.1382   -3.1382   -2.1527   -2.1527   -1.4533   -1.4533   -1.2539   -1.2539    1.9499    1.9499    2.5300    2.5300
  1.2264  -56.9836  -56.9836  -33.3137  -33.3137  -33.1332  -33.1332  -33.0795  -33.0795  -17.6270  -17.6270  -16.5341  -16.5341   -5.5996   -5.5996   -3.9702   -3.9702   -3.0803   -3.0803   -2.1746   -2.1746   -1.4335   -1.4335   -1.2334   -1.2334    1.9057    1.9057    2.5015    2.5015
  1.2625  -56.9835  -56.9835  -33.3158  -33.3158  -33.1312  -33.1312  -33.0795  -33.0795  -17.6302  -17.6302  -16.5293  -16.5293   -5.6240   -5.6240   -3.9758   -3.9758   -3.0262   -3.0262   -2.2067   -2.2067   -1.4174   -1.4174   -1.2085   -1.2085    1.8686    1.8686    2.4786    2.4786
  1.2985  -56.9835  -56.9835  -33.3173  -33.3173  -33.1297  -33.1297  -33.0795  -33.0795  -17.6326  -17.6326  -16.5258  -16.5258   -5.6416   -5.6416   -3.9800   -3.9800   -2.9807   -2.9807   -2.2398   -2.2398   -1.4057   -1.4057   -1.1858   -1.1858    1.8405    1.8405    2.4617    2.4617
  1.3346  -56.9835  -56.9835  -33.3182  -33.3182  -33.1288  -33.1288  -33.0795  -33.0795  -17.6339  -17.6339  -16.5236  -16.5236   -5.6523   -5.6523   -3.9825   -3.9825   -2.9494   -2.9494   -2.2648   -2.2648   -1.3984   -1.3984   -1.1702   -1.1702    1.8229    1.8229    2.4514    2.4514
  1.3707  -56.9836  -56.9836  -33.3185  -33.3185  -33.1285  -33.1285  -33.0795  -33.0795  -17.6345  -17.6345  -16.5229  -16.5229   -5.6560   -5.6560   -3.9834   -3.9834   -2.9384   -2.9384   -2.2741   -2.2741   -1.3961   -1.3961   -1.1648   -1.1648    1.8169    1.8169    2.4479    2.4480
  1.3707  -56.9836  -56.9836  -33.3185  -33.3185  -33.1285  -33.1285  -33.0795  -33.0795  -17.6345  -17.6345  -16.5229  -16.5229   -5.6560   -5.6560   -3.9834   -3.9834   -2.9384   -2.9384   -2.2741   -2.2741   -1.3961   -1.3961   -1.1648   -1.1648    1.8169    1.8169    2.4479    2.4479
  1.4217  -56.9835  -56.9834  -33.3184  -33.3174  -33.1297  -33.1286  -33.0796  -33.0793  -17.6382  -17.6287  -16.5266  -16.5220   -5.6559   -5.6415   -3.9828   -3.9804   -2.9843   -2.9348   -2.2796   -2.2330   -1.4070   -1.3946   -1.1990   -1.1523    1.8176    1.8399    2.4478    2.4619
  1.4727  -56.9838  -56.9833  -33.3181  -33.3141  -33.1330  -33.1288  -33.0799  -33.0790  -17.6497  -17.6117  -16.5375  -16.5194   -5.6561   -5.5992   -3.9813   -3.9721   -3.0985   -2.9260   -2.2952   -2.1337   -1.4391   -1.3903   -1.2954   -1.1163    1.8196    1.9034    2.4473    2.5022
  1.5237  -56.9841  -56.9830  -33.3177  -33.3087  -33.1385  -33.1290  -33.0805  -33.0784  -17.6687  -17.5840  -16.5544  -16.5152   -5.6566   -5.5310   -3.9790   -3.9588   -3.2464   -2.9141   -2.3189   -2.0099   -1.4892   -1.4364   -1.3831   -1.0596    1.8228    1.9950    2.4464    2.5646
  1.5747  -56.9845  -56.9826  -33.3171  -33.3014  -33.1458  -33.1294  -33.0813  -33.0776  -17.6951  -17.5464  -16.5758  -16.5093   -5.6572   -5.4405   -3.9757   -3.9416   -3.4089   -2.9055   -2.3482   -1.8786   -1.5984   -1.5529   -1.3726   -0.9863    1.8270    2.0998    2.4453    2.6428
  1.6257  -56.9850  -56.9822  -33.3164  -33.2924  -33.1548  -33.1298  -33.0823  -33.0767  -17.7287  -17.5004  -16.5996  -16.5021   -5.6581   -5.3334   -3.9717   -3.9218   -3.5773   -2.9104   -2.3805   -1.7539   -1.7473   -1.6252   -1.3580   -0.9010    1.8319    2.2050    2.4439    2.7285
  1.6767  -56.9856  -56.9816  -33.3155  -33.2823  -33.1649  -33.1304  -33.0835  -33.0755  -17.7691  -17.4476  -16.6234  -16.4936   -5.6594   -5.2174   -3.9670   -3.9010   -3.7461   -2.9421   -2.4139   -1.8725   -1.7007   -1.6188   -1.3392   -0.8082    1.8371    2.3012    2.4423    2.8134
  1.7278  -56.9863  -56.9810  -33.3146  -33.2714  -33.1757  -33.1309  -33.0847  -33.0743  -17.8155  -17.3906  -16.6445  -16.4841   -5.6611   -5.1034   -3.9618   -3.9120   -3.8812   -3.0068   -2.4467   -1.9307   -1.7749   -1.4941   -1.3153   -0.7117    1.8425    2.3819    2.4407    2.8913
  1.7788  -56.9870  -56.9803  -33.3136  -33.2609  -33.1860  -33.1316  -33.0861  -33.0729  -17.8667  -17.3326  -16.6600  -16.4737   -5.6636   -5.0066   -4.0727   -3.9562   -3.8640   -3.0917   -2.4781   -1.9237   -1.8439   -1.3734   -1.2858   -0.6155    1.8476    2.4389    2.4432    2.9470
  1.8298  -56.9878  -56.9796  -33.3125  -33.2525  -33.1941  -33.1322  -33.0876  -33.0715  -17.9217  -17.2771  -16.6667  -16.4630   -5.6672   -4.9446   -4.2259   -3.9503   -3.8514   -3.1663   -2.5072   -1.9047   -1.8623   -1.2570   -1.2500   -0.5223    1.8520    2.4383    2.4825    2.9944
  1.8808  -56.9885  -56.9789  -33.3114  -33.2495  -33.1967  -33.1329  -33.0890  -33.0701  -17.9786  -17.2282  -16.6619  -16.4519   -5.6724   -4.9325   -4.3698   -3.9443   -3.8441   -3.2013   -2.5338   -1.9554   -1.7606   -1.2075   -1.1449   -0.4344    1.8555    2.4348    2.4991    3.0196
  1.9318  -56.9892  -56.9781  -33.3104  -33.2534  -33.1922  -33.1335  -33.0905  -33.0687  -18.0357  -17.1892  -16.6437  -16.4410   -5.6799   -4.9738   -4.5027   -3.9385   -3.8429   -3.1842   -2.5574   -1.9955   -1.6290   -1.1584   -1.0378   -0.3536    1.8577    2.4330    2.4905    2.9053
  1.9828  -56.9899  -56.9775  -33.3094  -33.2617  -33.1834  -33.1341  -33.0918  -33.0673  -18.0913  -17.1616  -16.6130  -16.4304   -5.6911   -5.0558   -4.6235   -3.9328   -3.8472   -3.1221   -2.5781   -2.0255   -1.4750   -1.1033   -0.9365   -0.2814    1.8582    2.4316    2.4592    2.7955
  2.0338  -56.9904  -56.9769  -33.3084  -33.2713  -33.1732  -33.1347  -33.0931  -33.0661  -18.1436  -17.1443  -16.5728  -16.4205   -5.7076   -5.1571   -4.7307   -3.9274   -3.8560   -3.0326   -2.5958   -2.0465   -1.3053   -1.0436   -0.8420   -0.2186    1.8566    2.4065    2.4332    2.7015
  2.0848  -56.9909  -56.9763  -33.3076  -33.2807  -33.1631  -33.1352  -33.0943  -33.0649  -18.1909  -17.1348  -16.5282  -16.4116   -5.7319   -5.2574   -4.8233   -3.9227   -3.8678   -2.9335   -2.6106   -2.0605   -1.1276   -0.9820   -0.7562   -0.1659    1.8523    2.3417    2.4281    2.5777
  2.1358  -56.9915  -56.9758  -33.3069  -33.2892  -33.1541  -33.1357  -33.0953  -33.0640  -18.2317  -17.1305  -16.4841  -16.4039   -5.7647   -5.3414   -4.9004   -3.9187   -3.8806   -2.8387   -2.6226   -2.0693   -0.9512   -0.9218   -0.6808   -0.1234    1.8436    2.2580    2.4295    2.4932
  2.1869  -56.9919  -56.9755  -33.3063  -33.2961  -33.1466  -33.1360  -33.0961  -33.0632  -18.2649  -17.1291  -16.4453  -16.3976   -5.8036   -5.4021   -4.9612   -3.9154   -3.8927   -2.7572   -2.6318   -2.0745   -0.8675   -0.7882   -0.6183   -0.0910    1.8297    2.1803    2.4206    2.4651
  2.2379  -56.9922  -56.9752  -33.3059  -33.3013  -33.1411  -33.1363  -33.0966  -33.0626  -18.2892  -17.1291  -16.4150  -16.3930   -5.8410   -5.4400   -5.0050   -3.9130   -3.9025   -2.6953   -2.6384   -2.0774   -0.8239   -0.6536   -0.5712   -0.0685    1.8116    2.1201    2.3627    2.4252
  2.2889  -56.9924  -56.9750  -33.3056  -33.3044  -33.1377  -33.1365  -33.0970  -33.0623  -18.3042  -17.1295  -16.3958  -16.3902   -5.8677   -5.4601   -5.0315   -3.9115   -3.9088   -2.6566   -2.6422   -2.0787   -0.7956   -0.5635   -0.5417   -0.0553    1.7919    2.0784    2.3343    2.4315
  2.3399  -56.9924  -56.9750  -33.3055  -33.3055  -33.1365  -33.1365  -33.0971  -33.0621  -18.3092  -17.1296  -16.3893  -16.3893   -5.8774   -5.4663   -5.0403   -3.9110   -3.9110   -2.6435   -2.6435   -2.0792   -0.7857   -0.5318   -0.5318   -0.0509    1.7848    2.0677    2.3176    2.4247
  2.3399  -56.9924  -56.9750  -33.3055  -33.3055  -33.1365  -33.1365  -33.0971  -33.0621  -18.3092  -17.1296  -16.3893  -16.3893   -5.8774   -5.4663   -5.0403   -3.9110   -3.9110   -2.6435   -2.6435   -2.0792   -0.7857   -0.5318   -0.5318   -0.0509    1.7838    2.0653    2.3176    2.4248
  2.3959  -56.9922  -56.9747  -33.3047  -33.3047  -33.1364  -33.1364  -33.1003  -33.0654  -18.3018  -17.1253  -16.3928  -16.3928   -5.8671   -5.4585   -5.0324   -3.9221   -3.9221   -2.6258   -2.6258   -2.1020   -0.8191   -0.5466   -0.5466   -0.0541    1.8047    2.0733    2.3128    2.4343
  2.4519  -56.9914  -56.9739  -33.3023  -33.3023  -33.1359  -33.1359  -33.1096  -33.0753  -18.2797  -17.1126  -16.4034  -16.4034   -5.8363   -5.4353   -5.0083   -3.9527   -3.9527   -2.5755   -2.5755   -2.1692   -0.9148   -0.5905   -0.5905   -0.0640    1.8640    2.0961    2.2986    2.4629
  2.5079  -56.9899  -56.9727  -33.2984  -33.2984  -33.1353  -33.1353  -33.1248  -33.0913  -18.2433  -17.0919  -16.4206  -16.4206   -5.7857   -5.3971   -4.9682   -3.9964   -3.9964   -2.4997   -2.4997   -2.2758   -1.0628   -0.6618   -0.6618   -0.0817    1.9535    2.1311    2.2862    2.5087
  2.5639  -56.9878  -56.9710  -33.2929  -33.2929  -33.1454  -33.1344  -33.1344  -33.1130  -18.1933  -17.0641  -16.4441  -16.4441   -5.7162   -5.3451   -4.9124   -4.0457   -4.0457   -2.4152   -2.4065   -2.4065   -1.2502   -0.7576   -0.7576   -0.1092    2.0633    2.1748    2.2532    2.5697
  2.6199  -56.9852  -56.9690  -33.2862  -33.2862  -33.1708  -33.1399  -33.1333  -33.1333  -18.1306  -17.0302  -16.4731  -16.4731   -5.6290   -5.2803   -4.8409   -4.0943   -4.0943   -2.5797   -2.3035   -2.3035   -1.4655   -0.8748   -0.8748   -0.1487    2.1866    2.2181    2.2238    2.6435
  2.6759  -56.9822  -56.9666  -33.2783  -33.2783  -33.2003  -33.1710  -33.1321  -33.1321  -18.0565  -16.9916  -16.5069  -16.5069   -5.5262   -5.2048   -4.7540   -4.1375   -4.1375   -2.7611   -2.1970   -2.1970   -1.6984   -1.0100   -1.0100   -0.2032    2.1912    2.2755    2.3131    2.7273
  2.7318  -56.9788  -56.9640  -33.2693  -33.2693  -33.2330  -33.2054  -33.1309  -33.1309  -17.9723  -16.9499  -16.5445  -16.5445   -5.4099   -5.1205   -4.6519   -4.1717   -4.1717   -2.9520   -2.0917   -2.0917   -1.9403   -1.1597   -1.1597   -0.2753    2.1692    2.3283    2.4426    2.8183
  2.7878  -56.9752  -56.9612  -33.2679  -33.2594  -33.2594  -33.2423  -33.1297  -33.1297  -17.8797  -16.9067  -16.5849  -16.5849   -5.2831   -5.0304   -4.5353   -4.1946   -4.1946   -3.1448   -2.1840   -1.9914   -1.9914   -1.3208   -1.3208   -0.3675    2.1574    2.3813    2.5705    2.9140
  2.8438  -56.9714  -56.9583  -33.3040  -33.2806  -33.2490  -33.2490  -33.1287  -33.1287  -17.7804  -16.8639  -16.6269  -16.6269   -5.1495   -4.9373   -4.4043   -4.2048   -4.2048   -3.3329   -2.4235   -1.8987   -1.8987   -1.4901   -1.4901   -0.4811    2.1587    2.4348    2.7165    3.0114
  2.8998  -56.9674  -56.9555  -33.3404  -33.3192  -33.2381  -33.2381  -33.1279  -33.1279  -17.6761  -16.8235  -16.6695  -16.6695   -5.0138   -4.8453   -4.2597   -4.2016   -4.2016   -3.5095   -2.6528   -1.8155   -1.8155   -1.6642   -1.6642   -0.6165    2.1754    2.4892    2.8154    3.1081
  2.9558  -56.9634  -56.9528  -33.3760  -33.3571  -33.2270  -33.2270  -33.1275  -33.1275  -17.5688  -16.7874  -16.7114  -16.7114   -4.8819   -4.7585   -4.1845   -4.1845   -4.1018   -3.6672   -2.8665   -1.8431   -1.8431   -1.7401   -1.7401   -0.7728    2.2080    2.5456    2.9216    3.2012
  3.0118  -56.9596  -56.9501  -33.4099  -33.3933  -33.2159  -33.2159  -33.1275  -33.1275  -17.4607  -16.7576  -16.7515  -16.7515   -4.7626   -4.6818   -4.1543   -4.1543   -3.9316   -3.7976   -3.0597   -2.0186   -2.0186   -1.6781   -1.6781   -0.9482    2.2565    2.6051    3.0446    3.2885
  3.0678  -56.9560  -56.9478  -33.4411  -33.4268  -33.2051  -33.2051  -33.1280  -33.1280  -17.3537  -16.7888  -16.7888  -16.7357   -4.6674   -4.6205   -4.1118   -4.1118   -3.8895   -3.7497   -3.2273   -2.1910   -2.1910   -1.6259   -1.6259   -1.1400    2.3198    2.6689    3.1019    3.3678
  3.1238  -56.9526  -56.9457  -33.4688  -33.4569  -33.1947  -33.1947  -33.1291  -33.1291  -17.2498  -16.8222  -16.8222  -16.7235   -4.6085   -4.5789   -4.0589   -4.0589   -3.9318   -3.5570   -3.3654   -2.3564   -2.3564   -1.5834   -1.5834   -1.3453    2.3967    2.7378    3.2921    3.4373
  3.1798  -56.9497  -56.9441  -33.4923  -33.4828  -33.1849  -33.1849  -33.1309  -33.1309  -17.1511  -16.8508  -16.8508  -16.7222   -4.5885   -4.5595   -3.9987   -3.9987   -3.9237   -3.4731   -3.3547   -2.5107   -2.5107   -1.5613   -1.5501   -1.5501    2.4853    2.8185    3.4211    3.4865
  3.2358  -56.9471  -56.9429  -33.5110  -33.5039  -33.1761  -33.1761  -33.1333  -33.1333  -17.0593  -16.8739  -16.8739  -16.7330   -4.5933   -4.5598   -3.9356   -3.9356   -3.8811   -3.5532   -3.1438   -2.6477   -2.6477   -1.7847   -1.5253   -1.5253    2.5840    2.8983    3.2964    3.5198
  3.2918  -56.9449  -56.9421  -33.5244  -33.5196  -33.1684  -33.1684  -33.1362  -33.1362  -16.9762  -16.8908  -16.8908  -16.7564   -4.6042   -4.5731   -3.8770   -3.8770   -3.8240   -3.6134   -2.9255   -2.7593   -2.7593   -2.0129   -1.5081   -1.5081    2.6912    2.9666    3.1712    3.5141
  3.3478  -56.9435  -56.9420  -33.5320  -33.5297  -33.1627  -33.1627  -33.1390  -33.1390  -16.9033  -16.9011  -16.9011  -16.7927   -4.6095   -4.5907   -3.8339   -3.8339   -3.7664   -3.6640   -2.8347   -2.8347   -2.7016   -2.2433   -1.4981   -1.4981    2.8050    3.0455    3.0465    3.4348
  3.4038  -56.9425  -56.9425  -33.5338  -33.5338  -33.1604  -33.1604  -33.1404  -33.1404  -16.9046  -16.9046  -16.8419  -16.8419   -4.6046   -4.6046   -3.8176   -3.8176   -3.7133   -3.7133   -2.8617   -2.8617   -2.4736   -2.4736   -1.4948   -1.4948    2.9240    2.9240    3.1126    3.1181
  3.4038  -56.9425  -56.9425  -33.5338  -33.5338  -33.1604  -33.1604  -33.1404  -33.1404  -16.9046  -16.9046  -16.8419  -16.8419   -4.6046   -4.6046   -3.8176   -3.8176   -3.7133   -3.7133   -2.8617   -2.8617   -2.4736   -2.4736   -1.4948   -1.4948    2.9240    2.9240    3.1126    3.1181
  3.4398  -56.9425  -56.9425  -33.5339  -33.5339  -33.1603  -33.1603  -33.1403  -33.1403  -16.9168  -16.9168  -16.8295  -16.8295   -4.6063   -4.6063   -3.8607   -3.8607   -3.6720   -3.6720   -2.8603   -2.8603   -2.4654   -2.4654   -1.4977   -1.4977    2.9158    2.9158    3.1131    3.1169
  3.4759  -56.9425  -56.9425  -33.5342  -33.5342  -33.1601  -33.1601  -33.1403  -33.1403  -16.9409  -16.9409  -16.8048  -16.8048   -4.6119   -4.6119   -3.9317   -3.9317   -3.6063   -3.6063   -2.8561   -2.8561   -2.4411   -2.4411   -1.5064   -1.5064    2.8920    2.8920    3.1134    3.2236
  3.5120  -56.9424  -56.9424  -33.5346  -33.5346  -33.1597  -33.1597  -33.1403  -33.1403  -16.9678  -16.9678  -16.7770  -16.7770   -4.6223   -4.6223   -4.0023   -4.0023   -3.5437   -3.5437   -2.8488   -2.8488   -2.4008   -2.4008   -1.5205   -1.5205    2.8541    2.8541    3.1149    3.2370
  3.5480  -56.9425  -56.9425  -33.5351  -33.5351  -33.1593  -33.1593  -33.1403  -33.1403  -16.9950  -16.9950  -16.7485  -16.7485   -4.6392   -4.6392   -4.0658   -4.0658   -3.4893   -3.4893   -2.8382   -2.8382   -2.3454   -2.3454   -1.5401   -1.5401    2.8039    2.8039    3.1160    3.1171
  3.5841  -56.9425  -56.9425  -33.5358  -33.5358  -33.1586  -33.1586  -33.1402  -33.1402  -17.0218  -17.0218  -16.7202  -16.7202   -4.6642   -4.6642   -4.1183   -4.1183   -3.4448   -3.4448   -2.8239   -2.8239   -2.2758   -2.2758   -1.5643   -1.5643    2.7436    2.7436    3.1173    3.1186
  3.6202  -56.9425  -56.9425  -33.5365  -33.5365  -33.1579  -33.1579  -33.1402  -33.1402  -17.0477  -17.0477  -16.6925  -16.6925   -4.6981   -4.6981   -4.1575   -4.1575   -3.4104   -3.4104   -2.8062   -2.8062   -2.1943   -2.1943   -1.5927   -1.5927    2.6752    2.6752    3.1183    3.1229
  3.6563  -56.9425  -56.9425  -33.5374  -33.5374  -33.1572  -33.1572  -33.1401  -33.1401  -17.0724  -17.0724  -16.6657  -16.6657   -4.7404   -4.7404   -4.1833   -4.1833   -3.3853   -3.3853   -2.7854   -2.7854   -2.1038   -2.1038   -1.6240   -1.6240    2.6002    2.6002    3.1200    3.1268
  3.6923  -56.9426  -56.9426  -33.5383  -33.5383  -33.1563  -33.1563  -33.1400  -33.1400  -17.0959  -17.0959  -16.6401  -16.6401   -4.7890   -4.7890   -4.1970   -4.1970   -3.3682   -3.3682   -2.7617   -2.7617   -2.0087   -2.0087   -1.6560   -1.6560    2.5203    2.5203    3.1221    3.1233
  3.7284  -56.9426  -56.9426  -33.5392  -33.5392  -33.1555  -33.1555  -33.1400  -33.1400  -17.1178  -17.1178  -16.6159  -16.6159   -4.8410   -4.8410   -4.2012   -4.2012   -3.3576   -3.3576   -2.7355   -2.7355   -1.9177   -1.9177   -1.6820   -1.6820    2.4371    2.4371    3.1235    3.1238
  3.7645  -56.9426  -56.9426  -33.5402  -33.5402  -33.1547  -33.1547  -33.1399  -33.1399  -17.1380  -17.1380  -16.5933  -16.5933   -4.8937   -4.8937   -4.1983   -4.1983   -3.3519   -3.3519   -2.7070   -2.7070   -1.8559   -1.8559   -1.6792   -1.6792    2.3522    2.3522    3.1252    3.1256
  3.8005  -56.9426  -56.9426  -33.5411  -33.5411  -33.1539  -33.1539  -33.1398  -33.1398  -17.1565  -17.1565  -16.5725  -16.5725   -4.9449   -4.9449   -4.1907   -4.1907   -3.3499   -3.3499   -2.6768   -2.6768   -1.8536   -1.8536   -1.6191   -1.6191    2.2672    2.2672    3.1268    3.1274
  3.8366  -56.9426  -56.9426  -33.5420  -33.5420  -33.1531  -33.1531  -33.1396  -33.1396  -17.1730  -17.1730  -16.5537  -16.5537   -4.9929   -4.9929   -4.1801   -4.1801   -3.3505   -3.3505   -2.6450   -2.6450   -1.8849   -1.8849   -1.5295   -1.5295    2.1842    2.1842    3.1284    3.1290
  3.8727  -56.9426  -56.9426  -33.5429  -33.5429  -33.1524  -33.1524  -33.1395  -33.1395  -17.1876  -17.1876  -16.5371  -16.5371   -5.0363   -5.0363   -4.1679   -4.1679   -3.3528   -3.3528   -2.6122   -2.6122   -1.9259   -1.9259   -1.4361   -1.4361    2.1050    2.1050    3.1298    3.1306
  3.9087  -56.9426  -56.9426  -33.5436  -33.5436  -33.1518  -33.1518  -33.1394  -33.1394  -17.2001  -17.2001  -16.5228  -16.5228   -5.0743   -5.0743   -4.1555   -4.1555   -3.3562   -3.3562   -2.5789   -2.5789   -1.9695   -1.9695   -1.3479   -1.3479    2.0319    2.0319    3.1310    3.1320
  3.9448  -56.9425  -56.9425  -33.5442  -33.5442  -33.1513  -33.1513  -33.1393  -33.1393  -17.2104  -17.2104  -16.5109  -16.5109   -5.1062   -5.1062   -4.1439   -4.1439   -3.3599   -3.3599   -2.5461   -2.5461   -2.0122   -2.0122   -1.2695   -1.2695    1.9673    1.9673    3.1321    3.1332
  3.9809  -56.9425  -56.9425  -33.5447  -33.5447  -33.1509  -33.1509  -33.1392  -33.1392  -17.2184  -17.2184  -16.5015  -16.5015   -5.1314   -5.1314   -4.1339   -4.1339   -3.3633   -3.3633   -2.5153   -2.5153   -2.0515   -2.0515   -1.2044   -1.2044    1.9136    1.9136    3.1330    3.1342
  4.0170  -56.9425  -56.9425  -33.5451  -33.5451  -33.1506  -33.1506  -33.1391  -33.1391  -17.2242  -17.2242  -16.4948  -16.4948   -5.1497   -5.1497   -4.1262   -4.1262   -3.3661   -3.3661   -2.4890   -2.4890   -2.0843   -2.0843   -1.1556   -1.1556    1.8732    1.8732    3.1336    3.1350
  4.0530  -56.9426  -56.9426  -33.5453  -33.5453  -33.1504  -33.1504  -33.1391  -33.1391  -17.2277  -17.2277  -16.4907  -16.4907   -5.1608   -5.1608   -4.1215   -4.1215   -3.3680   -3.3680   -2.4707   -2.4707   -2.1067   -2.1067   -1.1254   -1.1254    1.8481    1.8481    3.1339    3.1355
  4.0891  -56.9426  -56.9426  -33.5454  -33.5454  -33.1503  -33.1503  -33.1391  -33.1391  -17.2289  -17.2289  -16.4894  -16.4894   -5.1645   -5.1645   -4.1198   -4.1198   -3.3686   -3.3686   -2.4640   -2.4640   -2.1148   -2.1148   -1.1151   -1.1151    1.8395    1.8395    3.1340    3.1358
  4.0891  -56.9426  -56.9426  -33.5454  -33.5454  -33.1503  -33.1503  -33.1391  -33.1391  -17.2289  -17.2289  -16.4894  -16.4894   -5.1645   -5.1645   -4.1198   -4.1198   -3.3686   -3.3686   -2.4640   -2.4640   -2.1148   -2.1148   -1.1151   -1.1151    1.8395    1.8395    3.1340    3.1358
  4.1252  -56.9426  -56.9426  -33.5453  -33.5453  -33.1504  -33.1504  -33.1391  -33.1391  -17.2278  -17.2278  -16.4905  -16.4905   -5.1636   -5.1636   -4.1213   -4.1213   -3.3722   -3.3722   -2.4747   -2.4747   -2.1002   -2.1002   -1.1132   -1.1132    1.8427    1.8427    3.1342    3.1368
  4.1612  -56.9426  -56.9426  -33.5451  -33.5451  -33.1506  -33.1506  -33.1392  -33.1392  -17.2246  -17.2246  -16.4938  -16.4938   -5.1610   -5.1610   -4.1259   -4.1259   -3.3828   -3.3828   -2.5021   -2.5021   -2.0613   -2.0613   -1.1075   -1.1075    1.8523    1.8523    3.1346    3.1384
  4.1973  -56.9425  -56.9425  -33.5447  -33.5447  -33.1510  -33.1510  -33.1393  -33.1393  -17.2193  -17.2193  -16.4993  -16.4993   -5.1564   -5.1564   -4.1335   -4.1335   -3.3997   -3.3997   -2.5373   -2.5373   -2.0076   -2.0076   -1.0979   -1.0979    1.8682    1.8682    3.1353    3.1407
  4.2334  -56.9426  -56.9426  -33.5441  -33.5441  -33.1515  -33.1515  -33.1395  -33.1395  -17.2119  -17.2119  -16.5069  -16.5069   -5.1501   -5.1501   -4.1448   -4.1448   -3.4219   -3.4219   -2.5742   -2.5742   -1.9462   -1.9462   -1.0846   -1.0846    1.8901    1.8901    3.1362    3.1438
  4.2694  -56.9426  -56.9426  -33.5435  -33.5435  -33.1521  -33.1521  -33.1397  -33.1397  -17.2026  -17.2026  -16.5165  -16.5165   -5.1419   -5.1419   -4.1600   -4.1600   -3.4479   -3.4479   -2.6094   -2.6094   -1.8817   -1.8817   -1.0674   -1.0674    1.9179    1.9179    3.1374    3.1495
  4.3055  -56.9426  -56.9426  -33.5427  -33.5427  -33.1529  -33.1529  -33.1399  -33.1399  -17.1914  -17.1914  -16.5280  -16.5280   -5.1316   -5.1316   -4.1795   -4.1795   -3.4761   -3.4761   -2.6418   -2.6418   -1.8168   -1.8168   -1.0467   -1.0467    1.9513    1.9513    3.1387    3.1794
  4.3416  -56.9426  -56.9426  -33.5418  -33.5418  -33.1538  -33.1538  -33.1401  -33.1401  -17.1784  -17.1784  -16.5414  -16.5414   -5.1194   -5.1194   -4.2039   -4.2039   -3.5046   -3.5046   -2.6709   -2.6709   -1.7538   -1.7538   -1.0225   -1.0225    1.9898    1.9898    3.1402    3.2252
  4.3777  -56.9426  -56.9426  -33.5408  -33.5408  -33.1547  -33.1547  -33.1404  -33.1404  -17.1638  -17.1638  -16.5563  -16.5563   -5.1049   -5.1049   -4.2333   -4.2333   -3.5318   -3.5318   -2.6968   -2.6968   -1.6940   -1.6940   -0.9952   -0.9952    2.0332    2.0332    3.1418    3.2879
  4.4137  -56.9426  -56.9426  -33.5398  -33.5398  -33.1557  -33.1557  -33.1406  -33.1406  -17.1477  -17.1477  -16.5728  -16.5728   -5.0881   -5.0881   -4.2676   -4.2676   -3.5563   -3.5563   -2.7198   -2.7198   -1.6384   -1.6384   -0.9653   -0.9653    2.0808    2.0808    3.1435    3.2772
  4.4498  -56.9426  -56.9426  -33.5388  -33.5388  -33.1568  -33.1568  -33.1408  -33.1408  -17.1305  -17.1305  -16.5904  -16.5904   -5.0690   -5.0690   -4.3066   -4.3066   -3.5773   -3.5773   -2.7403   -2.7403   -1.5878   -1.5878   -0.9336   -0.9336    2.1321    2.1321    3.1453    3.2861
  4.4859  -56.9426  -56.9426  -33.5378  -33.5378  -33.1578  -33.1578  -33.1411  -33.1411  -17.1123  -17.1123  -16.6090  -16.6090   -5.0474   -5.0474   -4.3497   -4.3497   -3.5946   -3.5946   -2.7586   -2.7586   -1.5426   -1.5426   -0.9011   -0.9011    2.1864    2.1864    3.1472    3.2801
  4.5219  -56.9426  -56.9426  -33.5368  -33.5368  -33.1588  -33.1588  -33.1413  -33.1413  -17.0935  -17.0935  -16.6281  -16.6281   -5.0235   -5.0235   -4.3960   -4.3960   -3.6080   -3.6080   -2.7749   -2.7749   -1.5030   -1.5030   -0.8687   -0.8687    2.2428    2.2428    3.1515    3.2817
  4.5580  -56.9426  -56.9426  -33.5359  -33.5359  -33.1597  -33.1597  -33.1415  -33.1415  -17.0745  -17.0745  -16.6475  -16.6475   -4.9970   -4.9970   -4.4442   -4.4442   -3.6181   -3.6181   -2.7892   -2.7892   -1.4690   -1.4690   -0.8376   -0.8376    2.3004    2.3004    3.2071    3.3010
  4.5941  -56.9426  -56.9426  -33.5351  -33.5351  -33.1606  -33.1606  -33.1416  -33.1416  -17.0559  -17.0559  -16.6664  -16.6664   -4.9684   -4.9684   -4.4933   -4.4933   -3.6252   -3.6252   -2.8016   -2.8016   -1.4405   -1.4405   -0.8090   -0.8090    2.3577    2.3577    3.3029    3.3198
  4.6302  -56.9426  -56.9426  -33.5343  -33.5343  -33.1613  -33.1613  -33.1417  -33.1417  -17.0384  -17.0384  -16.6842  -16.6842   -4.9378   -4.9378   -4.5421   -4.5421   -3.6301   -3.6301   -2.8120   -2.8120   -1.4174   -1.4174   -0.7840   -0.7840    2.4128    2.4128    3.2612    3.2684
  4.6662  -56.9427  -56.9427  -33.5338  -33.5338  -33.1619  -33.1619  -33.1418  -33.1418  -17.0228  -17.0228  -16.7000  -16.7000   -4.9061   -4.9061   -4.5887   -4.5887   -3.6333   -3.6333   -2.8203   -2.8203   -1.3996   -1.3996   -0.7636   -0.7636    2.4631    2.4631    3.2155    3.2179
  4.7023  -56.9427  -56.9427  -33.5334  -33.5334  -33.1624  -33.1624  -33.1419  -33.1419  -17.0103  -17.0103  -16.7127  -16.7127   -4.8752   -4.8752   -4.6308   -4.6308   -3.6352   -3.6352   -2.8264   -2.8264   -1.3870   -1.3870   -0.7484   -0.7484    2.5048    2.5048    3.1748    3.1757
  4.7384  -56.9427  -56.9427  -33.5331  -33.5331  -33.1627  -33.1627  -33.1420  -33.1420  -17.0021  -17.0021  -16.7210  -16.7210   -4.8495   -4.8495   -4.6634   -4.6634   -3.6362   -3.6362   -2.8300   -2.8300   -1.3794   -1.3794   -0.7390   -0.7390    2.5330    2.5330    3.1467    3.1470
  4.7744  -56.9427  -56.9427  -33.5330  -33.5330  -33.1628  -33.1628  -33.1420  -33.1420  -16.9992  -16.9992  -16.7239  -16.7239   -4.8386   -4.8386   -4.6767   -4.6767   -3.6365   -3.6365   -2.8313   -2.8313   -1.3770   -1.3770   -0.7359   -0.7359    2.5431    2.5431    3.1365    3.1366
  4.7744  -56.9427  -56.9427  -33.5330  -33.5330  -33.1628  -33.1628  -33.1420  -33.1420  -16.9992  -16.9992  -16.7239  -16.7239   -4.8386   -4.8386   -4.6767   -4.6767   -3.6365   -3.6365   -2.8313   -2.8313   -1.3770   -1.3770   -0.7359   -0.7359    2.5431    2.5431    3.1365    3.1366
  4.8254  -56.9427  -56.9427  -33.5333  -33.5330  -33.1628  -33.1624  -33.1420  -33.1419  -17.0108  -16.9986  -16.7247  -16.7119   -4.8785   -4.8349   -4.6723   -4.6353   -3.6467   -3.6249   -2.8316   -2.8261   -1.3851   -1.3787   -0.7464   -0.7381    2.5028    2.5456    3.1332    3.1743
  4.8765  -56.9426  -56.9426  -33.5342  -33.5332  -33.1627  -33.1614  -33.1420  -33.1418  -17.0401  -16.9967  -16.7270  -16.6818   -4.9496   -4.8240   -4.6596   -4.5608   -3.6761   -3.5894   -2.8328   -2.8115   -1.4093   -1.3838   -0.7780   -0.7456    2.4079    2.5528    3.1230    3.1592
  4.9275  -56.9427  -56.9427  -33.5355  -33.5334  -33.1626  -33.1598  -33.1419  -33.1416  -17.0775  -16.9936  -16.7309  -16.6432   -5.0195   -4.8058   -4.6387   -4.4876   -3.7217   -3.5290   -2.8346   -2.7906   -1.4490   -1.3918   -0.8308   -0.7611    2.2958    2.5646    3.1105    3.1605
  4.9785  -56.9426  -56.9426  -33.5372  -33.5336  -33.1625  -33.1579  -33.1418  -33.1413  -17.1162  -16.9894  -16.7362  -16.6030   -5.0798   -4.7801   -4.6099   -4.4249   -3.7792   -3.4432   -2.8370   -2.7667   -1.5024   -1.4016   -0.9049   -0.7880    2.1883    2.5808    3.0962    3.1586
  5.0295  -56.9426  -56.9426  -33.5390  -33.5339  -33.1624  -33.1558  -33.1417  -33.1409  -17.1522  -16.9842  -16.7428  -16.5655   -5.1273   -4.7470   -4.5737   -4.3759   -3.8446   -3.3340   -2.8399   -2.7430   -1.5677   -1.4128   -0.9998   -0.8307    2.0980    2.6010    3.0877    3.1593
  5.0805  -56.9426  -56.9426  -33.5408  -33.5341  -33.1622  -33.1538  -33.1416  -33.1406  -17.1831  -16.9782  -16.7505  -16.5335   -5.1600   -4.7062   -4.5311   -4.3397   -3.9139   -3.2060   -2.8432   -2.7218   -1.6426   -1.4243   -1.1142   -0.8929    2.0327    2.6249    3.0850    3.1607
  5.1315  -56.9426  -56.9426  -33.5423  -33.5344  -33.1621  -33.1520  -33.1415  -33.1403  -17.2072  -16.9714  -16.7591  -16.5087   -5.1769   -4.6579   -4.4836   -4.3141   -3.9835   -3.0655   -2.8467   -2.7053   -1.7250   -1.4356   -1.2460   -0.9769    1.9971    2.6518    3.0890    3.1629
  5.1825  -56.9426  -56.9426  -33.5434  -33.5346  -33.1619  -33.1506  -33.1414  -33.1400  -17.2236  -16.9640  -16.7683  -16.4925   -5.1773   -4.6020   -4.4346   -4.2962   -4.0483   -2.9203   -2.8504   -2.6946   -1.8122   -1.4462   -1.3912   -1.0829    1.9930    2.6810    3.0986    3.1668
  5.2335  -56.9426  -56.9426  -33.5440  -33.5347  -33.1617  -33.1498  -33.1412  -33.1398  -17.2314  -16.9564  -16.7779  -16.4857   -5.1608   -4.5386   -4.3913   -4.2835   -4.0999   -2.8539   -2.7802   -2.6903   -1.9018   -1.5427   -1.4559   -1.2089    2.0194    2.7118    3.1103    3.1757
  5.2845  -56.9426  -56.9426  -33.5441  -33.5348  -33.1615  -33.1496  -33.1411  -33.1397  -17.2303  -16.9486  -16.7876  -16.4887   -5.1281   -4.4679   -4.3694   -4.2736   -4.1222   -2.8571   -2.6929   -2.6602   -1.9912   -1.6876   -1.4644   -1.3514    2.0733    2.7434    3.1188    3.1919
  5.3356  -56.9426  -56.9426  -33.5436  -33.5348  -33.1613  -33.1501  -33.1410  -33.1396  -17.2202  -16.9408  -16.7972  -16.5017   -5.0796   -4.3905   -4.3821   -4.2643   -4.1020   -2.8598   -2.7022   -2.5866   -2.0782   -1.8007   -1.5059   -1.4715    2.1507    2.7749    3.1223    3.2028
  5.3866  -56.9426  -56.9426  -33.5426  -33.5347  -33.1611  -33.1511  -33.1408  -33.1396  -17.2011  -16.9334  -16.8065  -16.5243   -5.0172   -4.4180   -4.3072   -4.2536   -4.0512   -2.8620   -2.7177   -2.5961   -2.1607   -1.8463   -1.6671   -1.4778    2.2468    2.8053    3.1226    3.1618
  5.4376  -56.9426  -56.9426  -33.5412  -33.5346  -33.1609  -33.1525  -33.1407  -33.1397  -17.1735  -16.9264  -16.8151  -16.5559   -4.9433   -4.4604   -4.2386   -4.2193   -3.9874   -2.8634   -2.7387   -2.6963   -2.2368   -1.8301   -1.8173   -1.4827    2.3567    2.8338    3.1214    3.1475
  5.4886  -56.9426  -56.9425  -33.5396  -33.5344  -33.1608  -33.1543  -33.1406  -33.1398  -17.1381  -16.9202  -16.8228  -16.5956   -4.8622   -4.5013   -4.2155   -4.1288   -3.9204   -2.8641   -2.8533   -2.7637   -2.3048   -1.9893   -1.7475   -1.4867    2.4752    2.8595    3.1195    3.3873
  5.5396  -56.9426  -56.9425  -33.5379  -33.5343  -33.1607  -33.1561  -33.1405  -33.1400  -17.0956  -16.9148  -16.8294  -16.6421   -4.7803   -4.5371   -4.1785   -4.0390   -3.8560   -3.0357   -2.8641   -2.7909   -2.3631   -2.1387   -1.6685   -1.4898    2.5968    2.8817    3.1165    3.1194
  5.5906  -56.9425  -56.9425  -33.5363  -33.5341  -33.1605  -33.1578  -33.1405  -33.1401  -17.0473  -16.9104  -16.8347  -16.6941   -4.7065   -4.5662   -4.1202   -3.9550   -3.7988   -3.2258   -2.8637   -2.8175   -2.4102   -2.2713   -1.5971   -1.4921    2.7146    2.8997    3.1151    3.1177
  5.6416  -56.9425  -56.9424  -33.5350  -33.5340  -33.1605  -33.1592  -33.1404  -33.1402  -16.9946  -16.9072  -16.8387  -16.7495   -4.6499   -4.5873   -4.0339   -3.8839   -3.7530   -3.4136   -2.8627   -2.8403   -2.4448   -2.3780   -1.5415   -1.4936    2.8190    2.9131    3.1139    3.1165
  5.6926  -56.9425  -56.9425  -33.5341  -33.5339  -33.1604  -33.1601  -33.1404  -33.1403  -16.9407  -16.9053  -16.8411  -16.8052   -4.6158   -4.6003   -3.9195   -3.8351   -3.7235   -3.5905   -2.8620   -2.8561   -2.4663   -2.4486   -1.5067   -1.4945    2.8951    2.9212    3.1138    3.1175
  5.7437  -56.9425  -56.9425  -33.5338  -33.5338  -33.1604  -33.1604  -33.1404  -33.1404  -16.9046  -16.9046  -16.8419  -16.8419   -4.6046   -4.6046   -3.8176   -3.8176   -3.7133   -3.7133   -2.8617   -2.8617   -2.4736   -2.4736   -1.4948   -1.4948    2.9240    2.9240    3.1126    3.1181
  5.7437  -56.9836  -56.9836  -33.2496  -33.2496  -33.1968  -33.1968  -33.0796  -33.0796  -17.5566  -17.5566  -16.6345  -16.6345   -5.0037   -5.0037   -3.8474   -3.8474   -3.3462   -3.3462   -3.1765   -3.1765   -1.7433   -1.7433   -0.8073   -0.8073    2.4547    2.4550    2.9691    2.9692
  5.7996  -56.9833  -56.9833  -33.2489  -33.2489  -33.1968  -33.1968  -33.0825  -33.0825  -17.5509  -17.5509  -16.6371  -16.6371   -4.9946   -4.9946   -3.8715   -3.8715   -3.3445   -3.3445   -3.1479   -3.1479   -1.7761   -1.7761   -0.7975   -0.7975    2.4628    2.4629    2.9709    2.9709
  5.8556  -56.9825  -56.9825  -33.2468  -33.2468  -33.1970  -33.1970  -33.0910  -33.0910  -17.5342  -17.5342  -16.6449  -16.6449   -4.9675   -4.9675   -3.9323   -3.9323   -3.3402   -3.3402   -3.0751   -3.0751   -1.8652   -1.8652   -0.7746   -0.7746    2.4864    2.4864    2.9755    2.9755
  5.9116  -56.9811  -56.9811  -33.2435  -33.2435  -33.1977  -33.1977  -33.1044  -33.1044  -17.5070  -17.5070  -16.6575  -16.6575   -4.9234   -4.9234   -4.0091   -4.0091   -3.3357   -3.3357   -2.9819   -2.9819   -1.9890   -1.9890   -0.7515   -0.7515    2.5212    2.5213    2.9820    2.9820
  5.9676  -56.9793  -56.9793  -33.2391  -33.2391  -33.1997  -33.1997  -33.1215  -33.1215  -17.4704  -17.4704  -16.6741  -16.6741   -4.8636   -4.8636   -4.0875   -4.0875   -3.3356   -3.3356   -2.8911   -2.8911   -2.1197   -2.1197   -0.7382   -0.7382    2.5607    2.5607    2.9892    2.9892
  6.0236  -56.9770  -56.9770  -33.2343  -33.2343  -33.2047  -33.2047  -33.1394  -33.1394  -17.4260  -17.4260  -16.6936  -16.6936   -4.7907   -4.7907   -4.1583   -4.1583   -3.3486   -3.3486   -2.8266   -2.8266   -2.2223   -2.2223   -0.7396   -0.7396    2.5957    2.5958    2.9982    2.9983
  6.0796  -56.9743  -56.9743  -33.2327  -33.2327  -33.2131  -33.2131  -33.1535  -33.1535  -17.3759  -17.3759  -16.7145  -16.7145   -4.7088   -4.7088   -4.2162   -4.2162   -3.3878   -3.3878   -2.8082   -2.8082   -2.2608   -2.2608   -0.7566   -0.7566    2.6148    2.6148    3.0122    3.0123
  6.1356  -56.9714  -56.9714  -33.2482  -33.2482  -33.2132  -33.2132  -33.1610  -33.1610  -17.3230  -17.3230  -16.7345  -16.7345   -4.6248   -4.6248   -4.2567   -4.2567   -3.4643   -3.4643   -2.8221   -2.8221   -2.2334   -2.2334   -0.7880   -0.7880    2.6088    2.6088    3.0359    3.0360
  6.1916  -56.9682  -56.9682  -33.2769  -33.2769  -33.2065  -33.2065  -33.1635  -33.1635  -17.2712  -17.2712  -16.7507  -16.7507   -4.5498   -4.5498   -4.2770   -4.2770   -3.5717   -3.5717   -2.8345   -2.8345   -2.1718   -2.1718   -0.8314   -0.8314    2.5749    2.5749    3.0676    3.0684
  6.2476  -56.9648  -56.9648  -33.3106  -33.3106  -33.1984  -33.1984  -33.1635  -33.1635  -17.2253  -17.2253  -16.7589  -16.7589   -4.4963   -4.4963   -4.2842   -4.2842   -3.6782   -3.6782   -2.8336   -2.8336   -2.1013   -2.1013   -0.8832   -0.8832    2.5177    2.5177    3.1083    3.1142
  6.3036  -56.9614  -56.9614  -33.3459  -33.3459  -33.1898  -33.1898  -33.1622  -33.1622  -17.1907  -17.1907  -16.7547  -16.7547   -4.4669   -4.4669   -4.3111   -4.3111   -3.7347   -3.7347   -2.8237   -2.8237   -2.0341   -2.0341   -0.9401   -0.9401    2.4434    2.4434    3.1690    3.1865
  6.3596  -56.9581  -56.9581  -33.3813  -33.3813  -33.1812  -33.1812  -33.1603  -33.1603  -17.1711  -17.1711  -16.7355  -16.7355   -4.4725   -4.4725   -4.3665   -4.3665   -3.7129   -3.7129   -2.8107   -2.8107   -1.9763   -1.9763   -0.9977   -0.9977    2.3582    2.3582    3.2343    3.2658
  6.4156  -56.9550  -56.9550  -33.4153  -33.4153  -33.1729  -33.1729  -33.1581  -33.1581  -17.1661  -17.1661  -16.7028  -16.7028   -4.5666   -4.5666   -4.3700   -4.3700   -3.6380   -3.6380   -2.7970   -2.7970   -1.9321   -1.9321   -1.0512   -1.0512    2.2671    2.2671    3.2364    3.2801
  6.4716  -56.9519  -56.9519  -33.4470  -33.4470  -33.1654  -33.1654  -33.1557  -33.1557  -17.1718  -17.1718  -16.6615  -16.6615   -4.6988   -4.6988   -4.3389   -4.3389   -3.5457   -3.5457   -2.7804   -2.7804   -1.9059   -1.9059   -1.0949   -1.0949    2.1751    2.1751    3.1950    3.2164
  6.5276  -56.9493  -56.9493  -33.4754  -33.4754  -33.1592  -33.1592  -33.1529  -33.1529  -17.1834  -17.1834  -16.6174  -16.6174   -4.8288   -4.8288   -4.2967   -4.2967   -3.4612   -3.4612   -2.7546   -2.7546   -1.9026   -1.9026   -1.1240   -1.1240    2.0864    2.0864    3.1764    3.1816
  6.5835  -56.9469  -56.9469  -33.4997  -33.4997  -33.1551  -33.1551  -33.1492  -33.1492  -17.1969  -17.1969  -16.5756  -16.5756   -4.9439   -4.9439   -4.2494   -4.2494   -3.4005   -3.4005   -2.7108   -2.7108   -1.9245   -1.9245   -1.1365   -1.1365    2.0054    2.0054    3.1662    3.1680
  6.6395  -56.9451  -56.9451  -33.5193  -33.5193  -33.1528  -33.1528  -33.1452  -33.1452  -17.2098  -17.2098  -16.5397  -16.5397   -5.0381   -5.0381   -4.2017   -4.2017   -3.3697   -3.3697   -2.6459   -2.6459   -1.9693   -1.9693   -1.1353   -1.1353    1.9366    1.9366    3.1548    3.1561
  6.6955  -56.9437  -56.9437  -33.5337  -33.5337  -33.1514  -33.1514  -33.1419  -33.1419  -17.2201  -17.2201  -16.5123  -16.5123   -5.1077   -5.1077   -4.1598   -4.1598   -3.3626   -3.3626   -2.5678   -2.5678   -2.0291   -2.0291   -1.1269   -1.1269    1.8840    1.8840    3.1442    3.1457
  6.7515  -56.9429  -56.9429  -33.5425  -33.5425  -33.1506  -33.1506  -33.1398  -33.1398  -17.2266  -17.2266  -16.4952  -16.4952   -5.1502   -5.1502   -4.1305   -4.1305   -3.3660   -3.3660   -2.4960   -2.4960   -2.0875   -2.0875   -1.1185   -1.1185    1.8508    1.8508    3.1367    3.1383
  6.8075  -56.9426  -56.9426  -33.5454  -33.5454  -33.1503  -33.1503  -33.1391  -33.1391  -17.2289  -17.2289  -16.4894  -16.4894   -5.1645   -5.1645   -4.1198   -4.1198   -3.3686   -3.3686   -2.4640   -2.4640   -2.1148   -2.1148   -1.1151   -1.1151    1.8395    1.8395    3.1340    3.1358
  6.8075  -56.9836  -56.9836  -33.3185  -33.3185  -33.1285  -33.1285  -33.0795  -33.0795  -17.6345  -17.6345  -16.5229  -16.5229   -5.6560   -5.6560   -3.9834   -3.9834   -2.9384   -2.9384   -2.2741   -2.2741   -1.3961   -1.3961   -1.1648   -1.1648    1.8169    1.8170    2.4479    2.4479
  6.8635  -56.9832  -56.9832  -33.3176  -33.3176  -33.1284  -33.1284  -33.0827  -33.0827  -17.6284  -17.6284  -16.5262  -16.5262   -5.6474   -5.6474   -4.0122   -4.0122   -2.9009   -2.9009   -2.2692   -2.2692   -1.4225   -1.4225   -1.1748   -1.1748    1.8325    1.8325    2.4529    2.4529
  6.9195  -56.9824  -56.9824  -33.3151  -33.3151  -33.1281  -33.1281  -33.0922  -33.0922  -17.6105  -17.6105  -16.5358  -16.5358   -5.6224   -5.6224   -4.0875   -4.0875   -2.8007   -2.8007   -2.2546   -2.2546   -1.4994   -1.4994   -1.2046   -1.2046    1.8771    1.8771    2.4676    2.4676
  6.9755  -56.9810  -56.9810  -33.3110  -33.3110  -33.1275  -33.1275  -33.1078  -33.1078  -17.5811  -17.5811  -16.5515  -16.5515   -5.5814   -5.5814   -4.1878   -4.1878   -2.6600   -2.6600   -2.2305   -2.2305   -1.6200   -1.6200   -1.2530   -1.2530    1.9460    1.9460    2.4916    2.4916
  7.0315  -56.9792  -56.9792  -33.3054  -33.3054  -33.1290  -33.1290  -33.1268  -33.1268  -17.5410  -17.5410  -16.5730  -16.5730   -5.5254   -5.5254   -4.2966   -4.2966   -2.4975   -2.4975   -2.1971   -2.1971   -1.7762   -1.7762   -1.3178   -1.3178    2.0325    2.0325    2.5242    2.5242
  7.0875  -56.9769  -56.9769  -33.2983  -33.2983  -33.1551  -33.1551  -33.1260  -33.1260  -17.4913  -17.4913  -16.5996  -16.5996   -5.4557   -5.4557   -4.4034   -4.4034   -2.3268   -2.3268   -2.1551   -2.1551   -1.9582   -1.9582   -1.3957   -1.3957    2.1308    2.1308    2.5645    2.5645
  7.1435  -56.9744  -56.9744  -33.2900  -33.2900  -33.1853  -33.1853  -33.1251  -33.1251  -17.4333  -17.4333  -16.6306  -16.6306   -5.3742   -5.3742   -4.5025   -4.5025   -2.1603   -2.1603   -2.1571   -2.1571   -2.1050   -2.1050   -1.4801   -1.4801    2.2355    2.2356    2.6112    2.6112
  7.1995  -56.9714  -56.9714  -33.2806  -33.2806  -33.2188  -33.2188  -33.1243  -33.1243  -17.3682  -17.3682  -16.6652  -16.6652   -5.2831   -5.2831   -4.5907   -4.5907   -2.3650   -2.3650   -2.0476   -2.0476   -2.0171   -2.0171   -1.5540   -1.5540    2.3427    2.3428    2.6629    2.6629
  7.2555  -56.9682  -56.9682  -33.2703  -33.2703  -33.2547  -33.2547  -33.1235  -33.1235  -17.2981  -17.2981  -16.7024  -16.7024   -5.1855   -5.1855   -4.6665   -4.6665   -2.5747   -2.5747   -1.9841   -1.9841   -1.9458   -1.9458   -1.5712   -1.5712    2.4493    2.4493    2.7179    2.7179
  7.3115  -56.9649  -56.9649  -33.2918  -33.2918  -33.2592  -33.2592  -33.1230  -33.1230  -17.2245  -17.2245  -16.7412  -16.7412   -5.0848   -5.0848   -4.7287   -4.7287   -2.7794   -2.7794   -1.9852   -1.9852   -1.9155   -1.9155   -1.4929   -1.4929    2.5534    2.5538    2.7747    2.7747
  7.3674  -56.9615  -56.9615  -33.3292  -33.3292  -33.2477  -33.2477  -33.1228  -33.1228  -17.1495  -17.1495  -16.7805  -16.7805   -4.9850   -4.9850   -4.7773   -4.7773   -2.9729   -2.9729   -2.0835   -2.0835   -1.8432   -1.8432   -1.3707   -1.3707    2.6530    2.6531    2.8316    2.8316
  7.4234  -56.9581  -56.9581  -33.3659  -33.3659  -33.2359  -33.2359  -33.1229  -33.1229  -17.0751  -17.0751  -16.8193  -16.8193   -4.8910   -4.8910   -4.8132   -4.8132   -3.1492   -3.1492   -2.2001   -2.2001   -1.7691   -1.7691   -1.2445   -1.2445    2.7471    2.7473    2.8870    2.8870
  7.4794  -56.9549  -56.9549  -33.4009  -33.4009  -33.2241  -33.2241  -33.1236  -33.1236  -17.0033  -17.0033  -16.8566  -16.8566   -4.8371   -4.8371   -4.8082   -4.8082   -3.3023   -3.3023   -2.3203   -2.3203   -1.6950   -1.6950   -1.1271   -1.1271    2.8347    2.9392    2.9395    2.9628
  7.5354  -56.9519  -56.9519  -33.4332  -33.4332  -33.2124  -33.2124  -33.1249  -33.1249  -16.9361  -16.9361  -16.8912  -16.8912   -4.8507   -4.8507   -4.7420   -4.7420   -3.4269   -3.4269   -2.4372   -2.4372   -1.6231   -1.6231   -1.0232   -1.0232    2.8665    2.8665    2.9862    2.9867
  7.5914  -56.9493  -56.9493  -33.4621  -33.4621  -33.2012  -33.2012  -33.1268  -33.1268  -16.9223  -16.9223  -16.8755  -16.8755   -4.8558   -4.8558   -4.6964   -4.6964   -3.5198   -3.5198   -2.5457   -2.5457   -1.5559   -1.5559   -0.9348   -0.9348    2.7773    2.7773    3.0298    3.0302
  7.6474  -56.9469  -56.9469  -33.4868  -33.4868  -33.1905  -33.1905  -33.1294  -33.1294  -16.9489  -16.9489  -16.8232  -16.8232   -4.8548   -4.8548   -4.6722   -4.6722   -3.5806   -3.5806   -2.6417   -2.6417   -1.4961   -1.4961   -0.8626   -0.8626    2.6985    2.6985    3.0673    3.0674
  7.7034  -56.9451  -56.9451  -33.5066  -33.5066  -33.1807  -33.1807  -33.1327  -33.1327  -16.9705  -16.9705  -16.7808  -16.7808   -4.8502   -4.8502   -4.6653   -4.6653   -3.6146   -3.6146   -2.7214   -2.7214   -1.4461   -1.4461   -0.8068   -0.8068    2.6331    2.6331    3.0971    3.0971
  7.7594  -56.9438  -56.9438  -33.5212  -33.5212  -33.1721  -33.1721  -33.1365  -33.1365  -16.9863  -16.9863  -16.7495  -16.7495   -4.8446   -4.8446   -4.6685   -4.6685   -3.6300   -3.6300   -2.7813   -2.7813   -1.4084   -1.4084   -0.7673   -0.7673    2.5840    2.5840    3.1188    3.1188
  7.8154  -56.9430  -56.9430  -33.5300  -33.5300  -33.1655  -33.1655  -33.1402  -33.1402  -16.9960  -16.9960  -16.7303  -16.7303   -4.8402   -4.8402   -4.6743   -4.6743   -3.6354   -3.6354   -2.8186   -2.8186   -1.3850   -1.3850   -0.7437   -0.7437    2.5534    2.5534    3.1320    3.1321
  7.8714  -56.9427  -56.9427  -33.5330  -33.5330  -33.1628  -33.1628  -33.1420  -33.1420  -16.9992  -16.9992  -16.7239  -16.7239   -4.8386   -4.8386   -4.6767   -4.6767   -3.6365   -3.6365   -2.8313   -2.8313   -1.3770   -1.3770   -0.7359   -0.7359    2.5431    2.5431    3.1365    3.1366
